[decals]
{
	[t:decal,n:*]
	{
		decal_orientation = -0.039967,-0.988129,-0.148338,0.000000,0.148456,-0.988919,0.999201,-0.039525,-0.005933;
		decal_origin = -2.137886,-2.759515,-1.349551,0x6A854E17;
	  f far_plane = 1.100000;
	  x guid = 0xA95CF985;
	  f horizontal_meters = 4.000000;
	  f lod = 1.000000;
	  f near_plane = 0.100000;
		texture = Art\Bitmaps\Decals\b_d_grs01-a.%img%;
	  f vertical_meters = 4.000000;
	}
	[t:decal,n:*]
	{
		decal_orientation = 0.000000,-0.997055,-0.076696,0.000000,0.076696,-0.997055,1.000000,0.000000,0.000000;
		decal_origin = -0.212115,-2.980729,-1.023886,0x6A854E17;
	  f far_plane = 1.100000;
	  x guid = 0x49682D71;
	  f horizontal_meters = 4.000000;
	  f lod = 1.000000;
	  f near_plane = 0.100000;
		texture = Art\Bitmaps\Decals\b_d_grs01-a.%img%;
	  f vertical_meters = 4.000000;
	}
	[t:decal,n:*]
	{
		decal_orientation = -0.605083,0.794543,0.050744,0.000000,0.063736,-0.997967,-0.796162,-0.603853,-0.038565;
		decal_origin = 1.911189,-2.878025,-1.338905,0x6A854E17;
	  f far_plane = 1.100000;
	  x guid = 0xE356260A;
	  f horizontal_meters = 4.000000;
	  f lod = 1.000000;
	  f near_plane = 0.100000;
		texture = Art\Bitmaps\Decals\b_d_grs01-a.%img%;
	  f vertical_meters = 4.000000;
	}
	[t:decal,n:*]
	{
		decal_orientation = 0.000000,0.997199,0.074790,0.000000,0.074790,-0.997199,-1.000000,0.000000,0.000000;
		decal_origin = 0.577104,-2.953910,-1.631656,0x6A854E17;
	  f far_plane = 1.100000;
	  x guid = 0x157D75BC;
	  f horizontal_meters = 4.000000;
	  f lod = 1.000000;
	  f near_plane = 0.100000;
		texture = Art\Bitmaps\Decals\b_d_grs01-a.%img%;
	  f vertical_meters = 4.000000;
	}
	[t:decal,n:*]
	{
		decal_orientation = -0.164399,0.985086,0.050780,0.000000,0.051480,-0.998674,-0.986394,-0.164181,-0.008463;
		decal_origin = 1.773950,-2.915874,0.123254,0x6A854E17;
	  f far_plane = 1.100000;
	  x guid = 0x905204CF;
	  f horizontal_meters = 4.000000;
	  f lod = 1.000000;
	  f near_plane = 0.100000;
		texture = Art\Bitmaps\Decals\b_d_grs01-a.%img%;
	  f vertical_meters = 4.000000;
	}
}
