[decals]
{
	[t:decal,n:*]
	{
		decal_orientation = 0.987580,0.104962,0.116910,0.000000,0.744107,-0.668060,-0.157115,0.659763,0.734866;
		decal_origin = -0.685569,1.150413,0.021379,0x8AF8DA19;
	  f far_plane = 1.100000;
	  x guid = 0x768D3373;
	  f horizontal_meters = 4.000000;
	  f lod = 1.000000;
	  f near_plane = 0.100000;
		texture = Art\Bitmaps\Decals\b_d_straw-b.%img%;
	  f vertical_meters = 4.000000;
	}
	[t:decal,n:*]
	{
		decal_orientation = 0.987580,0.104962,0.116910,0.000000,0.744107,-0.668060,-0.157115,0.659763,0.734866;
		decal_origin = -0.631691,0.881656,-0.231517,0x8AF8DA19;
	  f far_plane = 1.100000;
	  x guid = 0x9845AE67;
	  f horizontal_meters = 4.000000;
	  f lod = 1.000000;
	  f near_plane = 0.100000;
		texture = Art\Bitmaps\Decals\b_d_straw-b.%img%;
	  f vertical_meters = 4.000000;
	}
	[t:decal,n:*]
	{
		decal_orientation = 1.000000,0.000000,0.000000,0.000000,0.196116,-0.980581,0.000000,0.980581,0.196116;
		decal_origin = -2.232305,1.630247,1.552229,0x8AF8DA19;
	  f far_plane = 1.100000;
	  x guid = 0x0782EDF5;
	  f horizontal_meters = 4.000000;
	  f lod = 1.000000;
	  f near_plane = 0.100000;
		texture = Art\Bitmaps\Decals\b_d_straw-b.%img%;
	  f vertical_meters = 4.000000;
	}
	[t:decal,n:*]
	{
		decal_orientation = 0.324324,-0.930162,-0.172080,0.000000,0.181913,-0.983315,0.945946,0.318913,0.058999;
		decal_origin = 0.347536,1.819565,1.223588,0x8AF8DA19;
	  f far_plane = 1.100000;
	  x guid = 0x23638061;
	  f horizontal_meters = 4.000000;
	  f lod = 1.000000;
	  f near_plane = 0.100000;
		texture = Art\Bitmaps\Decals\b_d_straw-b.%img%;
	  f vertical_meters = 4.000000;
	}
	[t:decal,n:*]
	{
		decal_orientation = 0.324324,-0.930162,-0.172080,0.000000,0.181913,-0.983315,0.945946,0.318913,0.058999;
		decal_origin = 0.920130,1.724915,1.316166,0x8AF8DA19;
	  f far_plane = 1.100000;
	  x guid = 0xA48C3C13;
	  f horizontal_meters = 4.000000;
	  f lod = 1.000000;
	  f near_plane = 0.100000;
		texture = Art\Bitmaps\Decals\b_d_straw-b.%img%;
	  f vertical_meters = 4.000000;
	}
	[t:decal,n:*]
	{
		decal_orientation = 0.987580,-0.104962,-0.116910,0.000000,0.744107,-0.668060,0.157115,0.659763,0.734866;
		decal_origin = 0.826290,0.906948,-0.177562,0x8AF8DA19;
	  f far_plane = 1.100000;
	  x guid = 0x66EB10A9;
	  f horizontal_meters = 4.000000;
	  f lod = 1.000000;
	  f near_plane = 0.100000;
		texture = Art\Bitmaps\Decals\b_d_straw-b.%img%;
	  f vertical_meters = 4.000000;
	}
	[t:decal,n:*]
	{
		decal_orientation = 0.324324,0.930162,0.172080,0.000000,0.181913,-0.983315,-0.945946,0.318913,0.058999;
		decal_origin = -0.555893,1.803120,1.557200,0x8AF8DA19;
	  f far_plane = 1.100000;
	  x guid = 0xCA90930A;
	  f horizontal_meters = 4.000000;
	  f lod = 1.000000;
	  f near_plane = 0.100000;
		texture = Art\Bitmaps\Decals\b_d_straw-b.%img%;
	  f vertical_meters = 4.000000;
	}
	[t:decal,n:*]
	{
		decal_orientation = 0.000000,-0.983282,-0.182089,0.000000,0.182089,-0.983282,1.000000,0.000000,0.000000;
		decal_origin = -2.661832,1.861784,-1.588352,0x1512437A;
	  f far_plane = 1.100000;
	  x guid = 0xF39A8222;
	  f horizontal_meters = 4.000000;
	  f lod = 1.000000;
	  f near_plane = 0.100000;
		texture = Art\Bitmaps\Decals\b_d_straw-b.%img%;
	  f vertical_meters = 4.000000;
	}
	[t:decal,n:*]
	{
		decal_orientation = 0.324324,0.930162,0.172080,0.000000,0.181913,-0.983315,-0.945946,0.318913,0.058999;
		decal_origin = -0.908196,1.751866,1.730508,0xEB85F89F;
	  f far_plane = 1.100000;
	  x guid = 0x53EFF704;
	  f horizontal_meters = 4.000000;
	  f lod = 1.000000;
	  f near_plane = 0.100000;
		texture = Art\Bitmaps\Decals\b_d_straw-b.%img%;
	  f vertical_meters = 4.000000;
	}
	[t:decal,n:*]
	{
		decal_orientation = 0.970142,0.215587,0.111111,0.000000,0.458123,-0.888889,-0.242536,0.862349,0.444444;
		decal_origin = 1.786880,1.042339,-0.112047,0xEB85F89F;
	  f far_plane = 1.100000;
	  x guid = 0x8F3A9996;
	  f horizontal_meters = 4.000000;
	  f lod = 1.000000;
	  f near_plane = 0.100000;
		texture = Art\Bitmaps\Decals\b_d_straw-b.%img%;
	  f vertical_meters = 4.000000;
	}
	[t:decal,n:*]
	{
		decal_orientation = 1.000000,0.000000,0.000000,0.000000,0.196116,-0.980581,0.000000,0.980581,0.196116;
		decal_origin = 2.149502,1.707639,1.939205,0xEB85F89F;
	  f far_plane = 1.100000;
	  x guid = 0xB2BB9F20;
	  f horizontal_meters = 4.000000;
	  f lod = 1.000000;
	  f near_plane = 0.100000;
		texture = Art\Bitmaps\Decals\b_d_straw-b.%img%;
	  f vertical_meters = 4.000000;
	}
	[t:decal,n:*]
	{
		decal_orientation = 0.324324,-0.930162,-0.172080,0.000000,0.181913,-0.983315,0.945946,0.318913,0.058999;
		decal_origin = 1.124626,1.684586,1.240493,0xEB85F89F;
	  f far_plane = 1.100000;
	  x guid = 0x41DE5D15;
	  f horizontal_meters = 4.000000;
	  f lod = 1.000000;
	  f near_plane = 0.100000;
		texture = Art\Bitmaps\Decals\b_d_straw-b.%img%;
	  f vertical_meters = 4.000000;
	}
	[t:decal,n:*]
	{
		decal_orientation = 1.000000,0.000000,0.000000,0.000000,0.447214,-0.894427,0.000000,0.894427,0.447214;
		decal_origin = 2.513872,0.962779,-0.310516,0xEB85F89F;
	  f far_plane = 1.100000;
	  x guid = 0x3C323CC3;
	  f horizontal_meters = 4.000000;
	  f lod = 1.000000;
	  f near_plane = 0.100000;
		texture = Art\Bitmaps\Decals\b_d_straw-b.%img%;
	  f vertical_meters = 4.000000;
	}
	[t:decal,n:*]
	{
		decal_orientation = 0.000000,-1.000000,0.000000,0.000000,0.000000,-1.000000,1.000000,0.000000,0.000000;
		decal_origin = -0.339674,1.000004,0.641330,0x1C3AF841;
	  f far_plane = 1.100000;
	  x guid = 0x319D73B2;
	  f horizontal_meters = 4.000000;
	  f lod = 1.000000;
	  f near_plane = 0.100000;
		texture = Art\Bitmaps\Decals\b_d_straw-b.%img%;
	  f vertical_meters = 4.000000;
	}
	[t:decal,n:*]
	{
		decal_orientation = 0.000000,-1.000000,0.000000,0.000000,0.000000,-1.000000,1.000000,0.000000,0.000000;
		decal_origin = -3.926855,0.999996,3.927621,0x1C3AF841;
	  f far_plane = 1.100000;
	  x guid = 0x9FFA50D3;
	  f horizontal_meters = 4.000000;
	  f lod = 1.000000;
	  f near_plane = 0.100000;
		texture = Art\Bitmaps\Decals\b_d_straw-b.%img%;
	  f vertical_meters = 4.000000;
	}
	[t:decal,n:*]
	{
		decal_orientation = 0.000000,-1.000000,0.000000,0.000000,0.000000,-1.000000,1.000000,0.000000,0.000000;
		decal_origin = 2.772684,1.000000,-0.119409,0x1C3AF841;
	  f far_plane = 1.100000;
	  x guid = 0x1F7A7BD9;
	  f horizontal_meters = 4.000000;
	  f lod = 1.000000;
	  f near_plane = 0.100000;
		texture = Art\Bitmaps\Decals\b_d_straw-b.%img%;
	  f vertical_meters = 4.000000;
	}
	[t:decal,n:*]
	{
		decal_orientation = 0.000000,-1.000000,0.000000,0.000000,0.000000,-1.000000,1.000000,0.000000,0.000000;
		decal_origin = -3.652002,1.000000,-3.458382,0x932567DD;
	  f far_plane = 1.100000;
	  x guid = 0x33C89262;
	  f horizontal_meters = 4.000000;
	  f lod = 1.000000;
	  f near_plane = 0.100000;
		texture = Art\Bitmaps\Decals\b_d_straw-b.%img%;
	  f vertical_meters = 4.000000;
	}
	[t:decal,n:*]
	{
		decal_orientation = 0.000000,-1.000000,0.000000,0.000000,0.000000,-1.000000,1.000000,0.000000,0.000000;
		decal_origin = -2.884151,1.000001,-3.579938,0x932567DD;
	  f far_plane = 1.100000;
	  x guid = 0xF87FB54D;
	  f horizontal_meters = 4.000000;
	  f lod = 1.000000;
	  f near_plane = 0.100000;
		texture = Art\Bitmaps\Decals\b_d_straw-b.%img%;
	  f vertical_meters = 4.000000;
	}
	[t:decal,n:*]
	{
		decal_orientation = 0.000000,-1.000000,0.000000,0.000000,0.000000,-1.000000,1.000000,0.000000,0.000000;
		decal_origin = -2.240474,1.000000,-1.972321,0x932567DD;
	  f far_plane = 1.100000;
	  x guid = 0x7962C9A0;
	  f horizontal_meters = 4.000000;
	  f lod = 1.000000;
	  f near_plane = 0.100000;
		texture = Art\Bitmaps\Decals\b_d_straw-b.%img%;
	  f vertical_meters = 4.000000;
	}
	[t:decal,n:*]
	{
		decal_orientation = 0.000000,-1.000000,0.000000,0.000000,0.000000,-1.000000,1.000000,0.000000,0.000000;
		decal_origin = 1.336998,1.000004,1.677678,0x932567DD;
	  f far_plane = 1.100000;
	  x guid = 0xAF35D8CA;
	  f horizontal_meters = 4.000000;
	  f lod = 1.000000;
	  f near_plane = 0.100000;
		texture = Art\Bitmaps\Decals\b_d_straw-b.%img%;
	  f vertical_meters = 4.000000;
	}
	[t:decal,n:*]
	{
		decal_orientation = 0.000000,-1.000000,0.000000,0.000000,0.000000,-1.000000,1.000000,0.000000,0.000000;
		decal_origin = -0.405222,1.000000,1.563909,0x97DA9447;
	  f far_plane = 1.100000;
	  x guid = 0x172969B6;
	  f horizontal_meters = 4.000000;
	  f lod = 1.000000;
	  f near_plane = 0.100000;
		texture = Art\Bitmaps\Decals\b_d_straw-b.%img%;
	  f vertical_meters = 4.000000;
	}
	[t:decal,n:*]
	{
		decal_orientation = 0.000000,-1.000000,0.000000,0.000000,0.000000,-1.000000,1.000000,0.000000,0.000000;
		decal_origin = 3.247036,1.000004,-3.988348,0x97DA9447;
	  f far_plane = 1.100000;
	  x guid = 0x44A44FAC;
	  f horizontal_meters = 4.000000;
	  f lod = 1.000000;
	  f near_plane = 0.100000;
		texture = Art\Bitmaps\Decals\b_d_straw-b.%img%;
	  f vertical_meters = 4.000000;
	}
	[t:decal,n:*]
	{
		decal_orientation = 0.000000,-1.000000,0.000000,0.000000,0.000000,-1.000000,1.000000,0.000000,0.000000;
		decal_origin = -0.730715,1.000000,0.068042,0x97DA9447;
	  f far_plane = 1.100000;
	  x guid = 0x68B5F77A;
	  f horizontal_meters = 4.000000;
	  f lod = 1.000000;
	  f near_plane = 0.100000;
		texture = Art\Bitmaps\Decals\b_d_straw-b.%img%;
	  f vertical_meters = 4.000000;
	}
	[t:decal,n:*]
	{
		decal_orientation = 0.000000,-1.000000,0.000000,0.000000,0.000000,-1.000000,1.000000,0.000000,0.000000;
		decal_origin = 3.425348,1.000000,-0.099610,0x97DA9447;
	  f far_plane = 1.100000;
	  x guid = 0x94E88620;
	  f horizontal_meters = 4.000000;
	  f lod = 1.000000;
	  f near_plane = 0.100000;
		texture = Art\Bitmaps\Decals\b_d_straw-b.%img%;
	  f vertical_meters = 4.000000;
	}
	[t:decal,n:*]
	{
		decal_orientation = 0.000000,-1.000000,0.000000,0.000000,0.000000,-1.000000,1.000000,0.000000,0.000000;
		decal_origin = 0.185938,1.000000,-0.405601,0xF2F4BEE7;
	  f far_plane = 1.100000;
	  x guid = 0xD8E0B78F;
	  f horizontal_meters = 4.000000;
	  f lod = 1.000000;
	  f near_plane = 0.100000;
		texture = Art\Bitmaps\Decals\b_d_straw-b.%img%;
	  f vertical_meters = 4.000000;
	}
	[t:decal,n:*]
	{
		decal_orientation = 0.000000,-1.000000,0.000000,0.000000,0.000000,-1.000000,1.000000,0.000000,0.000000;
		decal_origin = 0.132246,1.000000,-2.875089,0xF2F4BEE7;
	  f far_plane = 1.100000;
	  x guid = 0x42394914;
	  f horizontal_meters = 4.000000;
	  f lod = 1.000000;
	  f near_plane = 0.100000;
		texture = Art\Bitmaps\Decals\b_d_straw-b.%img%;
	  f vertical_meters = 4.000000;
	}
	[t:decal,n:*]
	{
		decal_orientation = 0.000000,-1.000000,0.000000,0.000000,0.000000,-1.000000,1.000000,0.000000,0.000000;
		decal_origin = 3.160503,1.000000,-3.378879,0xF2F4BEE7;
	  f far_plane = 1.100000;
	  x guid = 0x3D14DB1B;
	  f horizontal_meters = 4.000000;
	  f lod = 1.000000;
	  f near_plane = 0.100000;
		texture = Art\Bitmaps\Decals\b_d_straw-b.%img%;
	  f vertical_meters = 4.000000;
	}
	[t:decal,n:*]
	{
		decal_orientation = 0.000000,-1.000000,0.000000,0.000000,0.000000,-1.000000,1.000000,0.000000,0.000000;
		decal_origin = 0.344527,1.000004,2.795704,0x276CAD8C;
	  f far_plane = 1.100000;
	  x guid = 0x537CB99C;
	  f horizontal_meters = 4.000000;
	  f lod = 1.000000;
	  f near_plane = 0.100000;
		texture = Art\Bitmaps\Decals\b_d_straw-b.%img%;
	  f vertical_meters = 4.000000;
	}
	[t:decal,n:*]
	{
		decal_orientation = 0.000000,-1.000000,0.000000,0.000000,0.000000,-1.000000,1.000000,0.000000,0.000000;
		decal_origin = -0.971587,1.000004,-1.582895,0x276CAD8C;
	  f far_plane = 1.100000;
	  x guid = 0x0C2AF880;
	  f horizontal_meters = 4.000000;
	  f lod = 1.000000;
	  f near_plane = 0.100000;
		texture = Art\Bitmaps\Decals\b_d_straw-b.%img%;
	  f vertical_meters = 4.000000;
	}
	[t:decal,n:*]
	{
		decal_orientation = 0.000000,-1.000000,0.000000,0.000000,0.000000,-1.000000,1.000000,0.000000,0.000000;
		decal_origin = -1.416208,1.000000,0.820763,0x276CAD8C;
	  f far_plane = 1.100000;
	  x guid = 0x158B3B65;
	  f horizontal_meters = 4.000000;
	  f lod = 1.000000;
	  f near_plane = 0.100000;
		texture = Art\Bitmaps\Decals\b_d_straw-b.%img%;
	  f vertical_meters = 4.000000;
	}
	[t:decal,n:*]
	{
		decal_orientation = 0.000000,-1.000000,0.000000,0.000000,0.000000,-1.000000,1.000000,0.000000,0.000000;
		decal_origin = 2.435678,0.999996,-2.840292,0x276CAD8C;
	  f far_plane = 1.100000;
	  x guid = 0x9F71BC73;
	  f horizontal_meters = 4.000000;
	  f lod = 1.000000;
	  f near_plane = 0.100000;
		texture = Art\Bitmaps\Decals\b_d_straw-b.%img%;
	  f vertical_meters = 4.000000;
	}
	[t:decal,n:*]
	{
		decal_orientation = 0.000000,-1.000000,0.000000,0.000000,0.000000,-1.000000,1.000000,0.000000,0.000000;
		decal_origin = -3.208291,1.000000,-3.764748,0x50A4C283;
	  f far_plane = 1.100000;
	  x guid = 0xBEADB284;
	  f horizontal_meters = 4.000000;
	  f lod = 1.000000;
	  f near_plane = 0.100000;
		texture = Art\Bitmaps\Decals\b_d_straw-b.%img%;
	  f vertical_meters = 4.000000;
	}
	[t:decal,n:*]
	{
		decal_orientation = 0.000000,-1.000000,0.000000,0.000000,0.000000,-1.000000,1.000000,0.000000,0.000000;
		decal_origin = -1.147351,1.000000,-0.389004,0x328773B5;
	  f far_plane = 1.100000;
	  x guid = 0x67325DD3;
	  f horizontal_meters = 4.000000;
	  f lod = 1.000000;
	  f near_plane = 0.100000;
		texture = Art\Bitmaps\Decals\b_d_straw-b.%img%;
	  f vertical_meters = 4.000000;
	}
	[t:decal,n:*]
	{
		decal_orientation = 0.000000,-1.000000,0.000000,0.000000,0.000000,-1.000000,1.000000,0.000000,0.000000;
		decal_origin = -2.212753,0.999996,-1.500931,0x328773B5;
	  f far_plane = 1.100000;
	  x guid = 0xA1621E83;
	  f horizontal_meters = 4.000000;
	  f lod = 1.000000;
	  f near_plane = 0.100000;
		texture = Art\Bitmaps\Decals\b_d_straw-b.%img%;
	  f vertical_meters = 4.000000;
	}
	[t:decal,n:*]
	{
		decal_orientation = 0.000000,-1.000000,0.000000,0.000000,0.000000,-1.000000,1.000000,0.000000,0.000000;
		decal_origin = 1.104815,1.000000,-1.035796,0x63321CA7;
	  f far_plane = 1.100000;
	  x guid = 0x4F07B38B;
	  f horizontal_meters = 4.000000;
	  f lod = 1.000000;
	  f near_plane = 0.100000;
		texture = Art\Bitmaps\Decals\b_d_straw-a.%img%;
	  f vertical_meters = 4.000000;
	}
	[t:decal,n:*]
	{
		decal_orientation = 0.000000,-1.000000,0.000000,0.000000,0.000000,-1.000000,1.000000,0.000000,0.000000;
		decal_origin = -1.228009,1.000001,0.735883,0x63321CA7;
	  f far_plane = 1.100000;
	  x guid = 0x9A9DECA9;
	  f horizontal_meters = 4.000000;
	  f lod = 1.000000;
	  f near_plane = 0.100000;
		texture = Art\Bitmaps\Decals\b_d_straw-a.%img%;
	  f vertical_meters = 4.000000;
	}
	[t:decal,n:*]
	{
		decal_orientation = 0.000000,-1.000000,0.000000,0.000000,0.000000,-1.000000,1.000000,0.000000,0.000000;
		decal_origin = -1.438660,1.000000,-1.036265,0x63321CA7;
	  f far_plane = 1.100000;
	  x guid = 0x727AF937;
	  f horizontal_meters = 4.000000;
	  f lod = 1.000000;
	  f near_plane = 0.100000;
		texture = Art\Bitmaps\Decals\b_d_straw-a.%img%;
	  f vertical_meters = 4.000000;
	}
	[t:decal,n:*]
	{
		decal_orientation = 0.000000,-1.000000,0.000000,0.000000,0.000000,-1.000000,1.000000,0.000000,0.000000;
		decal_origin = -1.066879,1.000000,-1.823477,0x63321CA7;
	  f far_plane = 1.100000;
	  x guid = 0xBC40CE4A;
	  f horizontal_meters = 4.000000;
	  f lod = 1.000000;
	  f near_plane = 0.100000;
		texture = Art\Bitmaps\Decals\b_d_straw-a.%img%;
	  f vertical_meters = 4.000000;
	}
	[t:decal,n:*]
	{
		decal_orientation = 0.000000,-1.000000,0.000000,0.000000,0.000000,-1.000000,1.000000,0.000000,0.000000;
		decal_origin = 1.216549,0.999999,-1.422761,0x63321CA7;
	  f far_plane = 1.100000;
	  x guid = 0x661B5738;
	  f horizontal_meters = 4.000000;
	  f lod = 1.000000;
	  f near_plane = 0.100000;
		texture = Art\Bitmaps\Decals\b_d_straw-b.%img%;
	  f vertical_meters = 4.000000;
	}
	[t:decal,n:*]
	{
		decal_orientation = 0.000000,-1.000000,0.000000,0.000000,0.000000,-1.000000,1.000000,0.000000,0.000000;
		decal_origin = 1.338056,1.000000,1.297209,0x63321CA7;
	  f far_plane = 1.100000;
	  x guid = 0x27799004;
	  f horizontal_meters = 4.000000;
	  f lod = 1.000000;
	  f near_plane = 0.100000;
		texture = Art\Bitmaps\Decals\b_d_straw-b.%img%;
	  f vertical_meters = 4.000000;
	}
	[t:decal,n:*]
	{
		decal_orientation = 0.000000,-1.000000,0.000000,0.000000,0.000000,-1.000000,1.000000,0.000000,0.000000;
		decal_origin = -1.328841,0.999999,0.390456,0x63321CA7;
	  f far_plane = 1.100000;
	  x guid = 0x718D3C0D;
	  f horizontal_meters = 4.000000;
	  f lod = 1.000000;
	  f near_plane = 0.100000;
		texture = Art\Bitmaps\Decals\b_d_straw-b.%img%;
	  f vertical_meters = 4.000000;
	}
	[t:decal,n:*]
	{
		decal_orientation = 0.000000,-1.000000,0.000000,0.000000,0.000000,-1.000000,1.000000,0.000000,0.000000;
		decal_origin = -1.869204,1.000000,-0.932198,0x63321CA7;
	  f far_plane = 1.100000;
	  x guid = 0xB06AFFEB;
	  f horizontal_meters = 4.000000;
	  f lod = 1.000000;
	  f near_plane = 0.100000;
		texture = Art\Bitmaps\Decals\b_d_straw-b.%img%;
	  f vertical_meters = 4.000000;
	}
	[t:decal,n:*]
	{
		decal_orientation = 0.000000,-1.000000,0.000000,0.000000,0.000000,-1.000000,1.000000,0.000000,0.000000;
		decal_origin = -0.613145,-0.200000,0.516018,0xD7503144;
	  f far_plane = 1.100000;
	  x guid = 0x289D53F3;
	  f horizontal_meters = 4.000000;
	  f lod = 1.000000;
	  f near_plane = 0.100000;
		texture = Art\Bitmaps\Decals\b_d_straw-a.%img%;
	  f vertical_meters = 4.000000;
	}
	[t:decal,n:*]
	{
		decal_orientation = 0.000000,-1.000000,0.000000,0.000000,0.000000,-1.000000,1.000000,0.000000,0.000000;
		decal_origin = -0.218566,-0.200000,0.279599,0xD7503144;
	  f far_plane = 1.100000;
	  x guid = 0x88A06249;
	  f horizontal_meters = 4.000000;
	  f lod = 1.000000;
	  f near_plane = 0.100000;
		texture = Art\Bitmaps\Decals\b_d_straw-b.%img%;
	  f vertical_meters = 4.000000;
	}
	[t:decal,n:*]
	{
		decal_orientation = 0.000000,-1.000000,0.000000,0.000000,0.000000,-1.000000,1.000000,0.000000,0.000000;
		decal_origin = 0.620508,2.000000,3.549160,0x421CCEE5;
	  f far_plane = 1.100000;
	  x guid = 0x6FD3ABD8;
	  f horizontal_meters = 4.000000;
	  f lod = 1.000000;
	  f near_plane = 0.100000;
		texture = Art\Bitmaps\Decals\b_d_straw-b.%img%;
	  f vertical_meters = 4.000000;
	}
	[t:decal,n:*]
	{
		decal_orientation = 1.000000,0.000000,0.000000,0.000000,0.196116,-0.980581,0.000000,0.980581,0.196116;
		decal_origin = 2.683448,1.825480,2.528383,0x421CCEE5;
	  f far_plane = 1.100000;
	  x guid = 0x16E1ABFD;
	  f horizontal_meters = 4.000000;
	  f lod = 1.000000;
	  f near_plane = 0.100000;
		texture = Art\Bitmaps\Decals\b_d_straw-b.%img%;
	  f vertical_meters = 4.000000;
	}
	[t:decal,n:*]
	{
		decal_orientation = 1.000000,0.000000,0.000000,0.000000,0.196116,-0.980581,0.000000,0.980581,0.196116;
		decal_origin = 0.742758,1.831218,2.557077,0x421CCEE5;
	  f far_plane = 1.100000;
	  x guid = 0xB1DD23E7;
	  f horizontal_meters = 4.000000;
	  f lod = 1.000000;
	  f near_plane = 0.100000;
		texture = Art\Bitmaps\Decals\b_d_straw-b.%img%;
	  f vertical_meters = 4.000000;
	}
	[t:decal,n:*]
	{
		decal_orientation = 1.000000,0.000000,0.000000,0.000000,0.196116,-0.980581,0.000000,0.980581,0.196116;
		decal_origin = 1.429822,1.808053,2.441251,0x421CCEE5;
	  f far_plane = 1.100000;
	  x guid = 0x9A2DFD8D;
	  f horizontal_meters = 4.000000;
	  f lod = 1.000000;
	  f near_plane = 0.100000;
		texture = Art\Bitmaps\Decals\b_d_straw-b.%img%;
	  f vertical_meters = 4.000000;
	}
	[t:decal,n:*]
	{
		decal_orientation = 1.000000,0.000000,0.000000,0.000000,0.196116,-0.980581,0.000000,0.980581,0.196116;
		decal_origin = 2.417723,1.889535,2.848659,0x421CCEE5;
	  f far_plane = 1.100000;
	  x guid = 0xDF71B0EE;
	  f horizontal_meters = 4.000000;
	  f lod = 1.000000;
	  f near_plane = 0.100000;
		texture = Art\Bitmaps\Decals\b_d_straw-b.%img%;
	  f vertical_meters = 4.000000;
	}
	[t:decal,n:*]
	{
		decal_orientation = 1.000000,0.000000,0.000000,0.000000,0.358979,-0.933346,0.000000,0.933346,0.358979;
		decal_origin = -1.747948,2.227373,2.605494,0x76D06C92;
	  f far_plane = 1.100000;
	  x guid = 0x1BCCB4E9;
	  f horizontal_meters = 4.000000;
	  f lod = 1.000000;
	  f near_plane = 0.100000;
		texture = Art\Bitmaps\Decals\b_d_straw-b.%img%;
	  f vertical_meters = 4.000000;
	}
	[t:decal,n:*]
	{
		decal_orientation = 1.000000,0.000000,0.000000,0.000000,0.196116,-0.980581,0.000000,0.980581,0.196116;
		decal_origin = -1.608534,1.862798,2.714973,0xFF375690;
	  f far_plane = 1.100000;
	  x guid = 0x26CCE899;
	  f horizontal_meters = 4.000000;
	  f lod = 1.000000;
	  f near_plane = 0.100000;
		texture = Art\Bitmaps\Decals\b_d_straw-b.%img%;
	  f vertical_meters = 4.000000;
	}
	[t:decal,n:*]
	{
		decal_orientation = -0.566529,-0.800793,-0.194357,0.000000,0.235859,-0.971787,0.824042,-0.550546,-0.133621;
		decal_origin = -2.270124,1.970567,2.636312,0x158061F1;
	  f far_plane = 1.100000;
	  x guid = 0x5006A56F;
	  f horizontal_meters = 4.000000;
	  f lod = 1.000000;
	  f near_plane = 0.100000;
		texture = Art\Bitmaps\Decals\b_d_straw-b.%img%;
	  f vertical_meters = 4.000000;
	}
	[t:decal,n:*]
	{
		decal_orientation = 0.000000,-0.941742,-0.336336,0.000000,0.336336,-0.941742,1.000000,0.000000,0.000000;
		decal_origin = -0.858436,1.511303,3.261017,0x158061F1;
	  f far_plane = 1.100000;
	  x guid = 0x5B66569F;
	  f horizontal_meters = 4.000000;
	  f lod = 1.000000;
	  f near_plane = 0.100000;
		texture = Art\Bitmaps\Decals\b_d_straw-b.%img%;
	  f vertical_meters = 4.000000;
	}
	[t:decal,n:*]
	{
		decal_orientation = 0.989949,0.133029,0.047993,0.000000,0.339360,-0.940657,-0.141421,0.931203,0.335949;
		decal_origin = -2.012644,1.616926,1.095411,0x158061F1;
	  f far_plane = 1.100000;
	  x guid = 0x46C3C8EC;
	  f horizontal_meters = 4.000000;
	  f lod = 1.000000;
	  f near_plane = 0.100000;
		texture = Art\Bitmaps\Decals\b_d_straw-b.%img%;
	  f vertical_meters = 4.000000;
	}
	[t:decal,n:*]
	{
		decal_orientation = 0.824042,0.550546,0.133621,0.000000,0.235859,-0.971787,-0.566529,0.800793,0.194357;
		decal_origin = -3.948667,1.867875,2.658910,0x158061F1;
	  f far_plane = 1.100000;
	  x guid = 0x4E9CB066;
	  f horizontal_meters = 4.000000;
	  f lod = 1.000000;
	  f near_plane = 0.100000;
		texture = Art\Bitmaps\Decals\b_d_straw-b.%img%;
	  f vertical_meters = 4.000000;
	}
	[t:decal,n:*]
	{
		decal_orientation = 0.000000,-0.941742,-0.336336,0.000000,0.336336,-0.941742,1.000000,0.000000,0.000000;
		decal_origin = -0.685463,1.449528,1.964395,0x158061F1;
	  f far_plane = 1.100000;
	  x guid = 0xAC70259A;
	  f horizontal_meters = 4.000000;
	  f lod = 1.000000;
	  f near_plane = 0.100000;
		texture = Art\Bitmaps\Decals\b_d_straw-b.%img%;
	  f vertical_meters = 4.000000;
	}
	[t:decal,n:*]
	{
		decal_orientation = 0.000000,-0.894427,-0.447214,0.000000,0.447214,-0.894427,1.000000,0.000000,0.000000;
		decal_origin = 0.250761,0.992656,3.954542,0x158061F1;
	  f far_plane = 1.100000;
	  x guid = 0xFA1B633F;
	  f horizontal_meters = 4.000000;
	  f lod = 1.000000;
	  f near_plane = 0.100000;
		texture = Art\Bitmaps\Decals\b_d_straw-b.%img%;
	  f vertical_meters = 4.000000;
	}
	[t:decal,n:*]
	{
		decal_orientation = 0.000000,-0.894427,-0.447214,0.000000,0.447214,-0.894427,1.000000,0.000000,0.000000;
		decal_origin = 0.549016,0.843528,2.318743,0x158061F1;
	  f far_plane = 1.100000;
	  x guid = 0xA78E4143;
	  f horizontal_meters = 4.000000;
	  f lod = 1.000000;
	  f near_plane = 0.100000;
		texture = Art\Bitmaps\Decals\b_d_straw-b.%img%;
	  f vertical_meters = 4.000000;
	}
	[t:decal,n:*]
	{
		decal_orientation = 0.000000,-0.894427,-0.447214,0.000000,0.447214,-0.894427,1.000000,0.000000,0.000000;
		decal_origin = 0.348655,0.943709,0.322002,0x158061F1;
	  f far_plane = 1.100000;
	  x guid = 0xDAF48F38;
	  f horizontal_meters = 4.000000;
	  f lod = 1.000000;
	  f near_plane = 0.100000;
		texture = Art\Bitmaps\Decals\b_d_straw-b.%img%;
	  f vertical_meters = 4.000000;
	}
	[t:decal,n:*]
	{
		decal_orientation = 1.000000,0.000000,0.000000,0.000000,0.447214,-0.894427,0.000000,0.894427,0.447214;
		decal_origin = -1.348387,1.038234,-0.159601,0x158061F1;
	  f far_plane = 1.100000;
	  x guid = 0x977CB73B;
	  f horizontal_meters = 4.000000;
	  f lod = 1.000000;
	  f near_plane = 0.100000;
		texture = Art\Bitmaps\Decals\b_d_straw-b.%img%;
	  f vertical_meters = 4.000000;
	}
	[t:decal,n:*]
	{
		decal_orientation = 0.000000,-1.000000,0.000000,0.000000,0.000000,-1.000000,1.000000,0.000000,0.000000;
		decal_origin = -1.746789,2.000004,3.775513,0xF1554FDE;
	  f far_plane = 1.100000;
	  x guid = 0xA7573237;
	  f horizontal_meters = 4.000000;
	  f lod = 1.000000;
	  f near_plane = 0.100000;
		texture = Art\Bitmaps\Decals\b_d_straw-b.%img%;
	  f vertical_meters = 4.000000;
	}
	[t:decal,n:*]
	{
		decal_orientation = 1.000000,0.000000,0.000000,0.000000,0.196116,-0.980581,0.000000,0.980581,0.196116;
		decal_origin = 3.033616,1.582471,1.313356,0xF1554FDE;
	  f far_plane = 1.100000;
	  x guid = 0x177686CD;
	  f horizontal_meters = 4.000000;
	  f lod = 1.000000;
	  f near_plane = 0.100000;
		texture = Art\Bitmaps\Decals\b_d_straw-b.%img%;
	  f vertical_meters = 4.000000;
	}
	[t:decal,n:*]
	{
		decal_orientation = 0.000000,-1.000000,0.000000,0.000000,0.000000,-1.000000,1.000000,0.000000,0.000000;
		decal_origin = 1.403114,1.000000,1.429146,0x88E5E5A5;
	  f far_plane = 1.100000;
	  x guid = 0x467A0EEE;
	  f horizontal_meters = 4.000000;
	  f lod = 1.000000;
	  f near_plane = 0.100000;
		texture = Art\Bitmaps\Decals\b_d_straw-b.%img%;
	  f vertical_meters = 4.000000;
	}
}
