[decals]
{
	[t:decal,n:*]
	{
		decal_orientation = 1.000000,0.000009,0.000002,0.000000,0.242536,-0.970142,-0.000010,0.970142,0.242536;
		decal_origin = -12.601307,6.698280,-53.730000,0x44E5F4B7;
	  f far_plane = 1.100000;
	  x guid = 0x8F0ABFFC;
	  f horizontal_meters = 6.000000;
	  f lod = 1.000000;
	  f near_plane = 0.100000;
		texture = Art\Bitmaps\Decals\b_d_for01-b.%img%;
	  f vertical_meters = 6.000000;
	}
	[t:decal,n:*]
	{
		decal_orientation = 0.658193,-0.741304,-0.131339,0.000000,0.174455,-0.984665,0.752849,0.648100,0.114825;
		decal_origin = -11.892029,6.748093,-52.740147,0x44E5F4B7;
	  f far_plane = 1.100000;
	  x guid = 0x7D8027CE;
	  f horizontal_meters = 6.000000;
	  f lod = 1.000000;
	  f near_plane = 0.100000;
		texture = Art\Bitmaps\Decals\b_d_for01-b.%img%;
	  f vertical_meters = 6.000000;
	}
	[t:decal,n:*]
	{
		decal_orientation = -0.168836,0.848054,0.502294,0.000000,0.509610,-0.860406,-0.985644,-0.145267,-0.086040;
		decal_origin = -14.161967,5.952537,-49.848488,0x44E5F4B7;
	  f far_plane = 1.100000;
	  x guid = 0x7841F6E6;
	  f horizontal_meters = 6.000000;
	  f lod = 1.000000;
	  f near_plane = 0.100000;
		texture = Art\Bitmaps\Decals\b_d_for01-b.%img%;
	  f vertical_meters = 6.000000;
	}
	[t:decal,n:*]
	{
		decal_orientation = -0.716724,0.534721,0.447638,0.000000,0.641907,-0.766783,-0.697357,-0.549572,-0.460070;
		decal_origin = -13.972095,6.695787,-50.792240,0x44E5F4B7;
	  f far_plane = 1.100000;
	  x guid = 0xF41DD679;
	  f horizontal_meters = 6.000000;
	  f lod = 1.000000;
	  f near_plane = 0.100000;
		texture = Art\Bitmaps\Decals\b_d_for01-b.%img%;
	  f vertical_meters = 6.000000;
	}
	[t:decal,n:*]
	{
		decal_orientation = -0.285762,0.812232,0.508546,0.000000,0.530675,-0.847576,-0.958301,-0.242205,-0.151647;
		decal_origin = 14.298804,6.328800,-22.383898,0x289974C1;
	  f far_plane = 1.100000;
	  x guid = 0x285DAACD;
	  f horizontal_meters = 6.000000;
	  f lod = 1.000000;
	  f near_plane = 0.100000;
		texture = Art\Bitmaps\Decals\b_d_for01-b.%img%;
	  f vertical_meters = 6.000000;
	}
	[t:decal,n:*]
	{
		decal_orientation = 0.743747,0.591126,0.312106,0.000000,0.466903,-0.884309,-0.668462,0.657702,0.347257;
		decal_origin = 14.984257,6.424939,-24.794798,0x289974C1;
	  f far_plane = 1.100000;
	  x guid = 0x55DF0131;
	  f horizontal_meters = 6.000000;
	  f lod = 1.000000;
	  f near_plane = 0.100000;
		texture = Art\Bitmaps\Decals\b_d_for01-b.%img%;
	  f vertical_meters = 6.000000;
	}
	[t:decal,n:*]
	{
		decal_orientation = 0.189575,0.923986,0.332133,0.000000,0.338267,-0.941050,-0.981866,0.178399,0.064127;
		decal_origin = 15.612915,6.905974,-23.776373,0x289974C1;
	  f far_plane = 1.100000;
	  x guid = 0x62BCBB41;
	  f horizontal_meters = 6.000000;
	  f lod = 1.000000;
	  f near_plane = 0.100000;
		texture = Art\Bitmaps\Decals\b_d_for01-b.%img%;
	  f vertical_meters = 6.000000;
	}
	[t:decal,n:*]
	{
		decal_orientation = 0.707107,0.703846,0.067830,0.000000,0.095926,-0.995389,-0.707107,0.703846,0.067830;
		decal_origin = 16.531452,7.053093,-23.302464,0x289974C1;
	  f far_plane = 1.100000;
	  x guid = 0xBE90C95D;
	  f horizontal_meters = 6.000000;
	  f lod = 1.000000;
	  f near_plane = 0.100000;
		texture = Art\Bitmaps\Decals\b_d_for01-b.%img%;
	  f vertical_meters = 6.000000;
	}
	[t:decal,n:*]
	{
		decal_orientation = 0.583530,-0.800423,-0.137169,0.000000,0.168908,-0.985632,0.812091,0.575146,0.098563;
		decal_origin = 17.645941,5.940813,-26.240395,0x289974C1;
	  f far_plane = 1.100000;
	  x guid = 0xB01127DA;
	  f horizontal_meters = 6.000000;
	  f lod = 1.000000;
	  f near_plane = 0.100000;
		texture = Art\Bitmaps\Decals\b_d_for01-b.%img%;
	  f vertical_meters = 6.000000;
	}
	[t:decal,n:*]
	{
		decal_orientation = -0.959687,-0.261793,-0.102296,0.000000,0.363953,-0.931417,0.281070,-0.893869,-0.349281;
		decal_origin = 17.321722,6.024694,-28.468184,0x289974C1;
	  f far_plane = 1.100000;
	  x guid = 0xD5CDA0D5;
	  f horizontal_meters = 6.000000;
	  f lod = 1.000000;
	  f near_plane = 0.100000;
		texture = Art\Bitmaps\Decals\b_d_for01-b.%img%;
	  f vertical_meters = 6.000000;
	}
	[t:decal,n:*]
	{
		decal_orientation = -0.922446,0.361144,0.136631,0.000000,0.353851,-0.935302,-0.386126,-0.862766,-0.326408;
		decal_origin = 16.698219,7.055453,-31.786373,0x289974C1;
	  f far_plane = 1.100000;
	  x guid = 0x81AEED76;
	  f horizontal_meters = 6.000000;
	  f lod = 1.000000;
	  f near_plane = 0.100000;
		texture = Art\Bitmaps\Decals\b_d_for01-b.%img%;
	  f vertical_meters = 6.000000;
	}
	[t:decal,n:*]
	{
		decal_orientation = -0.702234,0.697417,0.143101,0.000000,0.200999,-0.979591,-0.711947,-0.687902,-0.141149;
		decal_origin = 16.064671,6.863552,-31.128551,0x289974C1;
	  f far_plane = 1.100000;
	  x guid = 0x1CD2CE99;
	  f horizontal_meters = 6.000000;
	  f lod = 1.000000;
	  f near_plane = 0.100000;
		texture = Art\Bitmaps\Decals\b_d_for01-b.%img%;
	  f vertical_meters = 6.000000;
	}
	[t:decal,n:*]
	{
		decal_orientation = 0.472788,0.829038,0.298608,0.000000,0.338874,-0.940832,-0.881176,0.444814,0.160216;
		decal_origin = 16.158916,7.652692,-34.689674,0x289974C1;
	  f far_plane = 1.100000;
	  x guid = 0x8FDC43F4;
	  f horizontal_meters = 6.000000;
	  f lod = 1.000000;
	  f near_plane = 0.100000;
		texture = Art\Bitmaps\Decals\b_d_for01-b.%img%;
	  f vertical_meters = 6.000000;
	}
	[t:decal,n:*]
	{
		decal_orientation = 0.000000,0.800389,0.599481,0.000000,0.599481,-0.800389,-1.000000,0.000000,0.000000;
		decal_origin = 15.204291,7.310227,-34.050095,0x289974C1;
	  f far_plane = 1.100000;
	  x guid = 0xDA6D02C1;
	  f horizontal_meters = 6.000000;
	  f lod = 1.000000;
	  f near_plane = 0.100000;
		texture = Art\Bitmaps\Decals\b_d_for01-b.%img%;
	  f vertical_meters = 6.000000;
	}
	[t:decal,n:*]
	{
		decal_orientation = 0.282299,0.821442,0.495519,0.000000,0.516528,-0.856270,-0.959326,0.241725,0.145816;
		decal_origin = 15.203624,7.132633,-35.357533,0x289974C1;
	  f far_plane = 1.100000;
	  x guid = 0x90959E48;
	  f horizontal_meters = 6.000000;
	  f lod = 1.000000;
	  f near_plane = 0.100000;
		texture = Art\Bitmaps\Decals\b_d_for01-b.%img%;
	  f vertical_meters = 6.000000;
	}
	[t:decal,n:*]
	{
		decal_orientation = 0.922844,0.360143,0.136589,0.000000,0.354615,-0.935012,-0.385174,0.862870,0.327254;
		decal_origin = 17.064091,7.251579,-37.806305,0x289974C1;
	  f far_plane = 1.100000;
	  x guid = 0xC8BED792;
	  f horizontal_meters = 6.000000;
	  f lod = 1.000000;
	  f near_plane = 0.100000;
		texture = Art\Bitmaps\Decals\b_d_for01-b.%img%;
	  f vertical_meters = 6.000000;
	}
	[t:decal,n:*]
	{
		decal_orientation = -0.922844,0.360143,0.136589,0.000000,0.354615,-0.935012,-0.385174,-0.862870,-0.327254;
		decal_origin = 17.351219,7.452789,-38.648731,0x289974C1;
	  f far_plane = 1.100000;
	  x guid = 0x632E71E2;
	  f horizontal_meters = 6.000000;
	  f lod = 1.000000;
	  f near_plane = 0.100000;
		texture = Art\Bitmaps\Decals\b_d_for01-b.%img%;
	  f vertical_meters = 6.000000;
	}
	[t:decal,n:*]
	{
		decal_orientation = 0.000000,0.997483,0.070903,0.000000,0.070903,-0.997483,-1.000000,0.000000,0.000000;
		decal_origin = 17.728313,7.934213,-40.973778,0x289974C1;
	  f far_plane = 1.100000;
	  x guid = 0x61877D54;
	  f horizontal_meters = 6.000000;
	  f lod = 1.000000;
	  f near_plane = 0.100000;
		texture = Art\Bitmaps\Decals\b_d_for01-b.%img%;
	  f vertical_meters = 6.000000;
	}
	[t:decal,n:*]
	{
		decal_orientation = -0.561450,0.799470,0.213591,0.000000,0.258112,-0.966115,-0.827511,-0.542425,-0.144917;
		decal_origin = 16.465353,7.736241,-40.596340,0x289974C1;
	  f far_plane = 1.100000;
	  x guid = 0x1E9F7EDA;
	  f horizontal_meters = 6.000000;
	  f lod = 1.000000;
	  f near_plane = 0.100000;
		texture = Art\Bitmaps\Decals\b_d_for01-b.%img%;
	  f vertical_meters = 6.000000;
	}
	[t:decal,n:*]
	{
		decal_orientation = 0.979994,0.187433,0.066941,0.000000,0.336338,-0.941741,-0.199028,0.922901,0.329609;
		decal_origin = 17.595329,7.470581,-43.467197,0x289974C1;
	  f far_plane = 1.100000;
	  x guid = 0xB08020CA;
	  f horizontal_meters = 6.000000;
	  f lod = 1.000000;
	  f near_plane = 0.100000;
		texture = Art\Bitmaps\Decals\b_d_for01-b.%img%;
	  f vertical_meters = 6.000000;
	}
	[t:decal,n:*]
	{
		decal_orientation = -0.566529,0.741320,0.359846,0.000000,0.436684,-0.899615,-0.824042,-0.509658,-0.247394;
		decal_origin = 14.813728,6.959849,-39.323399,0x289974C1;
	  f far_plane = 1.100000;
	  x guid = 0x77755B17;
	  f horizontal_meters = 6.000000;
	  f lod = 1.000000;
	  f near_plane = 0.100000;
		texture = Art\Bitmaps\Decals\b_d_for01-b.%img%;
	  f vertical_meters = 6.000000;
	}
	[t:decal,n:*]
	{
		decal_orientation = -0.351123,0.861049,0.367841,0.000000,0.392854,-0.919601,-0.936329,-0.322893,-0.137940;
		decal_origin = 15.039571,7.318553,-40.709766,0x289974C1;
	  f far_plane = 1.100000;
	  x guid = 0x74181A8A;
	  f horizontal_meters = 6.000000;
	  f lod = 1.000000;
	  f near_plane = 0.100000;
		texture = Art\Bitmaps\Decals\b_d_for01-b.%img%;
	  f vertical_meters = 6.000000;
	}
	[t:decal,n:*]
	{
		decal_orientation = 0.985275,0.158827,0.063301,0.000000,0.370234,-0.928938,-0.170977,0.915260,0.364783;
		decal_origin = 16.553322,6.531493,-25.394033,0x289974C1;
	  f far_plane = 1.100000;
	  x guid = 0x77685899;
	  f horizontal_meters = 6.000000;
	  f lod = 1.000000;
	  f near_plane = 0.100000;
		texture = Art\Bitmaps\Decals\b_d_for01-b.%img%;
	  f vertical_meters = 6.000000;
	}
	[t:decal,n:*]
	{
		decal_orientation = 0.000000,-1.000000,0.000000,0.000000,0.000000,-1.000000,1.000000,0.000000,0.000000;
		decal_origin = 0.474998,1.000000,-0.222404,0x44FB82FC;
	  f far_plane = 1.100000;
	  x guid = 0xE91C85B2;
	  f horizontal_meters = 6.000000;
	  f lod = 1.000000;
	  f near_plane = 0.100000;
		texture = Art\Bitmaps\Decals\b_d_for01-b.%img%;
	  f vertical_meters = 6.000000;
	}
	[t:decal,n:*]
	{
		decal_orientation = 0.000000,-1.000000,0.000000,0.000000,0.000000,-1.000000,1.000000,0.000000,0.000000;
		decal_origin = 0.274595,1.000000,0.290944,0xD4E3B855;
	  f far_plane = 1.100000;
	  x guid = 0x3A7D4E82;
	  f horizontal_meters = 6.000000;
	  f lod = 1.000000;
	  f near_plane = 0.100000;
		texture = Art\Bitmaps\Decals\b_d_for01-b.%img%;
	  f vertical_meters = 6.000000;
	}
	[t:decal,n:*]
	{
		decal_orientation = 0.000000,-1.000000,0.000000,0.000000,0.000000,-1.000000,1.000000,0.000000,0.000000;
		decal_origin = -3.025638,1.000000,-3.212034,0xD4E3B855;
	  f far_plane = 1.100000;
	  x guid = 0xEBABC622;
	  f horizontal_meters = 6.000000;
	  f lod = 1.000000;
	  f near_plane = 0.100000;
		texture = Art\Bitmaps\Decals\b_d_for01-b.%img%;
	  f vertical_meters = 6.000000;
	}
	[t:decal,n:*]
	{
		decal_orientation = 0.000000,-1.000000,0.000000,0.000000,0.000000,-1.000000,1.000000,0.000000,0.000000;
		decal_origin = -2.125631,1.000000,-0.719603,0xD4E3B855;
	  f far_plane = 1.100000;
	  x guid = 0x218413B4;
	  f horizontal_meters = 6.000000;
	  f lod = 1.000000;
	  f near_plane = 0.100000;
		texture = Art\Bitmaps\Decals\b_d_for01-b.%img%;
	  f vertical_meters = 6.000000;
	}
	[t:decal,n:*]
	{
		decal_orientation = 0.000000,-1.000000,0.000000,0.000000,0.000000,-1.000000,1.000000,0.000000,0.000000;
		decal_origin = 2.887209,1.000000,-0.045356,0xD4E3B855;
	  f far_plane = 1.100000;
	  x guid = 0xE4A0E691;
	  f horizontal_meters = 6.000000;
	  f lod = 1.000000;
	  f near_plane = 0.100000;
		texture = Art\Bitmaps\Decals\b_d_for01-b.%img%;
	  f vertical_meters = 6.000000;
	}
	[t:decal,n:*]
	{
		decal_orientation = 0.000000,-1.000000,0.000000,0.000000,0.000000,-1.000000,1.000000,0.000000,0.000000;
		decal_origin = -2.439733,1.000000,-2.772542,0x1AE2BB53;
	  f far_plane = 1.100000;
	  x guid = 0x22EBD4B9;
	  f horizontal_meters = 6.000000;
	  f lod = 1.000000;
	  f near_plane = 0.100000;
		texture = Art\Bitmaps\Decals\b_d_corn-a.%img%;
	  f vertical_meters = 6.000000;
	}
	[t:decal,n:*]
	{
		decal_orientation = 0.000000,-1.000000,0.000000,0.000000,0.000000,-1.000000,1.000000,0.000000,0.000000;
		decal_origin = 0.312783,1.000001,-2.521910,0x1AE2BB53;
	  f far_plane = 1.100000;
	  x guid = 0xC89FB24F;
	  f horizontal_meters = 6.000000;
	  f lod = 1.000000;
	  f near_plane = 0.100000;
		texture = Art\Bitmaps\Decals\b_d_corn-a.%img%;
	  f vertical_meters = 6.000000;
	}
	[t:decal,n:*]
	{
		decal_orientation = -0.707107,0.666667,0.235702,0.000000,0.333333,-0.942809,-0.707107,-0.666667,-0.235702;
		decal_origin = -14.130692,6.905955,-23.111877,0x3F1E44EF;
	  f far_plane = 1.100000;
	  x guid = 0xE25F6361;
	  f horizontal_meters = 6.000000;
	  f lod = 1.000000;
	  f near_plane = 0.100000;
		texture = Art\Bitmaps\Decals\b_d_for01-b.%img%;
	  f vertical_meters = 6.000000;
	}
	[t:decal,n:*]
	{
		decal_orientation = 0.906809,0.351554,0.232610,0.000000,0.551807,-0.833972,-0.421542,0.756253,0.500383;
		decal_origin = -13.805994,5.985965,-26.278721,0x3F1E44EF;
	  f far_plane = 1.100000;
	  x guid = 0x6B08B919;
	  f horizontal_meters = 6.000000;
	  f lod = 1.000000;
	  f near_plane = 0.100000;
		texture = Art\Bitmaps\Decals\b_d_for01-b.%img%;
	  f vertical_meters = 6.000000;
	}
	[t:decal,n:*]
	{
		decal_orientation = -0.303406,-0.854174,-0.422293,0.000000,0.443184,-0.896431,0.952861,-0.271983,-0.134465;
		decal_origin = -12.065258,6.423790,-24.797859,0x3F1E44EF;
	  f far_plane = 1.100000;
	  x guid = 0x4CBD4149;
	  f horizontal_meters = 6.000000;
	  f lod = 1.000000;
	  f near_plane = 0.100000;
		texture = Art\Bitmaps\Decals\b_d_for01-b.%img%;
	  f vertical_meters = 6.000000;
	}
	[t:decal,n:*]
	{
		decal_orientation = 0.707107,-0.588472,-0.392047,0.000000,0.554438,-0.832225,0.707107,0.588472,0.392047;
		decal_origin = -12.335975,6.431972,-24.181988,0x3F1E44EF;
	  f far_plane = 1.100000;
	  x guid = 0xEDC9BD9F;
	  f horizontal_meters = 6.000000;
	  f lod = 1.000000;
	  f near_plane = 0.100000;
		texture = Art\Bitmaps\Decals\b_d_for01-b.%img%;
	  f vertical_meters = 6.000000;
	}
	[t:decal,n:*]
	{
		decal_orientation = 0.898413,-0.409196,-0.159412,0.000000,0.363001,-0.931789,0.439151,0.837131,0.326125;
		decal_origin = -13.441880,7.410930,-43.476547,0x3F1E44EF;
	  f far_plane = 1.100000;
	  x guid = 0x5632C96E;
	  f horizontal_meters = 6.000000;
	  f lod = 1.000000;
	  f near_plane = 0.100000;
		texture = Art\Bitmaps\Decals\b_d_for01-b.%img%;
	  f vertical_meters = 6.000000;
	}
	[t:decal,n:*]
	{
		decal_orientation = 0.000000,-0.985679,-0.168632,0.000000,0.168632,-0.985679,1.000000,0.000000,0.000000;
		decal_origin = -12.992564,7.792175,-41.086277,0x3F1E44EF;
	  f far_plane = 1.100000;
	  x guid = 0xF4A2237C;
	  f horizontal_meters = 6.000000;
	  f lod = 1.000000;
	  f near_plane = 0.100000;
		texture = Art\Bitmaps\Decals\b_d_for01-b.%img%;
	  f vertical_meters = 6.000000;
	}
	[t:decal,n:*]
	{
		decal_orientation = -0.199116,-0.950468,-0.238672,0.000000,0.243549,-0.969889,0.979976,-0.193120,-0.048494;
		decal_origin = -12.974755,7.711046,-39.645794,0x3F1E44EF;
	  f far_plane = 1.100000;
	  x guid = 0x38D8F0B7;
	  f horizontal_meters = 6.000000;
	  f lod = 1.000000;
	  f near_plane = 0.100000;
		texture = Art\Bitmaps\Decals\b_d_for01-b.%img%;
	  f vertical_meters = 6.000000;
	}
	[t:decal,n:*]
	{
		decal_orientation = 0.912776,0.366845,0.179623,0.000000,0.439757,-0.898117,-0.408460,0.819779,0.401400;
		decal_origin = -12.170249,7.799919,-44.754723,0x3F1E44EF;
	  f far_plane = 1.100000;
	  x guid = 0x5295EE00;
	  f horizontal_meters = 6.000000;
	  f lod = 1.000000;
	  f near_plane = 0.100000;
		texture = Art\Bitmaps\Decals\b_d_for01-b.%img%;
	  f vertical_meters = 6.000000;
	}
	[t:decal,n:*]
	{
		decal_orientation = 0.741909,0.574338,0.345988,0.000000,0.516014,-0.856580,-0.670501,0.635504,0.382836;
		decal_origin = -12.713210,7.648297,-44.646381,0x3F1E44EF;
	  f far_plane = 1.100000;
	  x guid = 0x10870B5F;
	  f horizontal_meters = 6.000000;
	  f lod = 1.000000;
	  f near_plane = 0.100000;
		texture = Art\Bitmaps\Decals\b_d_for01-b.%img%;
	  f vertical_meters = 6.000000;
	}
	[t:decal,n:*]
	{
		decal_orientation = 0.912776,0.366845,0.179623,0.000000,0.439757,-0.898117,-0.408460,0.819779,0.401400;
		decal_origin = -12.164620,7.185489,-46.132004,0x3F1E44EF;
	  f far_plane = 1.100000;
	  x guid = 0xC9406338;
	  f horizontal_meters = 6.000000;
	  f lod = 1.000000;
	  f near_plane = 0.100000;
		texture = Art\Bitmaps\Decals\b_d_for01-b.%img%;
	  f vertical_meters = 6.000000;
	}
	[t:decal,n:*]
	{
		decal_orientation = -0.747409,0.636164,0.191510,0.000000,0.288261,-0.957552,-0.664365,-0.715683,-0.215449;
		decal_origin = -12.128428,7.832434,-42.915356,0x3F1E44EF;
	  f far_plane = 1.100000;
	  x guid = 0x8E38ED0B;
	  f horizontal_meters = 6.000000;
	  f lod = 1.000000;
	  f near_plane = 0.100000;
		texture = Art\Bitmaps\Decals\b_d_for01-b.%img%;
	  f vertical_meters = 6.000000;
	}
	[t:decal,n:*]
	{
		decal_orientation = -0.486635,0.792951,0.366627,0.000000,0.419671,-0.907676,-0.873605,-0.441707,-0.204227;
		decal_origin = -12.633394,7.796642,-43.524120,0x3F1E44EF;
	  f far_plane = 1.100000;
	  x guid = 0x850B5D48;
	  f horizontal_meters = 6.000000;
	  f lod = 1.000000;
	  f near_plane = 0.100000;
		texture = Art\Bitmaps\Decals\b_d_for01-b.%img%;
	  f vertical_meters = 6.000000;
	}
	[t:decal,n:*]
	{
		decal_orientation = 0.222039,0.715580,0.662302,0.000000,0.679258,-0.733900,-0.975038,0.162955,0.150822;
		decal_origin = -12.001463,7.347894,-46.862904,0x3F1E44EF;
	  f far_plane = 1.100000;
	  x guid = 0xC753B917;
	  f horizontal_meters = 6.000000;
	  f lod = 1.000000;
	  f near_plane = 0.100000;
		texture = Art\Bitmaps\Decals\b_d_for01-b.%img%;
	  f vertical_meters = 6.000000;
	}
	[t:decal,n:*]
	{
		decal_orientation = -0.171728,0.726426,0.665443,0.000000,0.675478,-0.737380,-0.985144,-0.126629,-0.115999;
		decal_origin = -11.390162,7.713946,-48.346458,0x3F1E44EF;
	  f far_plane = 1.100000;
	  x guid = 0xDF8E83EE;
	  f horizontal_meters = 6.000000;
	  f lod = 1.000000;
	  f near_plane = 0.100000;
		texture = Art\Bitmaps\Decals\b_d_for01-b.%img%;
	  f vertical_meters = 6.000000;
	}
	[t:decal,n:*]
	{
		decal_orientation = 0.724292,0.612294,0.317013,0.000000,0.459777,-0.888034,-0.689493,0.643196,0.333013;
		decal_origin = -13.517866,6.567169,-46.482750,0x3F1E44EF;
	  f far_plane = 1.100000;
	  x guid = 0x5F46AEC1;
	  f horizontal_meters = 6.000000;
	  f lod = 1.000000;
	  f near_plane = 0.100000;
		texture = Art\Bitmaps\Decals\b_d_for01-b.%img%;
	  f vertical_meters = 6.000000;
	}
	[t:decal,n:*]
	{
		decal_orientation = -0.249862,0.719540,0.647944,0.000000,0.669169,-0.743110,-0.968281,-0.185675,-0.167200;
		decal_origin = -11.144139,8.084156,-45.236603,0x3F1E44EF;
	  f far_plane = 1.100000;
	  x guid = 0x2688F396;
	  f horizontal_meters = 6.000000;
	  f lod = 1.000000;
	  f near_plane = 0.100000;
		texture = Art\Bitmaps\Decals\b_d_for01-b.%img%;
	  f vertical_meters = 6.000000;
	}
	[t:decal,n:*]
	{
		decal_orientation = 0.997128,-0.058886,-0.047621,0.000000,0.628810,-0.777559,0.075732,0.775326,0.627004;
		decal_origin = -10.143729,7.015959,-50.277790,0x3F1E44EF;
	  f far_plane = 1.100000;
	  x guid = 0x1C00CA0B;
	  f horizontal_meters = 6.000000;
	  f lod = 1.000000;
	  f near_plane = 0.100000;
		texture = Art\Bitmaps\Decals\b_d_for01-b.%img%;
	  f vertical_meters = 6.000000;
	}
	[t:decal,n:*]
	{
		decal_orientation = 1.000000,-0.000113,-0.000020,0.000000,0.170061,-0.985433,0.000115,0.985433,0.170061;
		decal_origin = -9.565161,6.776285,-51.063763,0x3F1E44EF;
	  f far_plane = 1.100000;
	  x guid = 0x99D2541D;
	  f horizontal_meters = 6.000000;
	  f lod = 1.000000;
	  f near_plane = 0.100000;
		texture = Art\Bitmaps\Decals\b_d_for01-b.%img%;
	  f vertical_meters = 6.000000;
	}
	[t:decal,n:*]
	{
		decal_orientation = -0.948683,0.316228,0.000004,0.000000,0.000014,-1.000000,-0.316228,-0.948683,-0.000013;
		decal_origin = -7.765190,6.599941,-53.153324,0x3F1E44EF;
	  f far_plane = 1.100000;
	  x guid = 0x874A9EEA;
	  f horizontal_meters = 6.000000;
	  f lod = 1.000000;
	  f near_plane = 0.100000;
		texture = Art\Bitmaps\Decals\b_d_for01-b.%img%;
	  f vertical_meters = 6.000000;
	}
	[t:decal,n:*]
	{
		decal_orientation = 0.000000,-1.000000,0.000006,0.000000,-0.000006,-1.000000,1.000000,0.000000,0.000002;
		decal_origin = 0.974673,6.600045,-52.364151,0x3F1E44EF;
	  f far_plane = 1.100000;
	  x guid = 0xEDB039D0;
	  f horizontal_meters = 6.000000;
	  f lod = 1.000000;
	  f near_plane = 0.100000;
		texture = Art\Bitmaps\Decals\b_d_corn-a.%img%;
	  f vertical_meters = 6.000000;
	}
	[t:decal,n:*]
	{
		decal_orientation = 0.999999,0.001214,0.000035,0.000000,0.028855,-0.999584,-0.001214,0.999583,0.028855;
		decal_origin = 0.136852,6.946171,-49.977688,0x3F1E44EF;
	  f far_plane = 1.100000;
	  x guid = 0x3E7121ED;
	  f horizontal_meters = 6.000000;
	  f lod = 1.000000;
	  f near_plane = 0.100000;
		texture = Art\Bitmaps\Decals\b_d_corn-a.%img%;
	  f vertical_meters = 6.000000;
	}
	[t:decal,n:*]
	{
		decal_orientation = 1.000000,0.000079,0.000014,0.000000,0.170021,-0.985440,-0.000080,0.985440,0.170021;
		decal_origin = -1.535376,6.652365,-51.782246,0x3F1E44EF;
	  f far_plane = 1.100000;
	  x guid = 0xCB4CAD7E;
	  f horizontal_meters = 6.000000;
	  f lod = 1.000000;
	  f near_plane = 0.100000;
		texture = Art\Bitmaps\Decals\b_d_corn-a.%img%;
	  f vertical_meters = 6.000000;
	}
	[t:decal,n:*]
	{
		decal_orientation = 0.000000,-1.000000,0.000000,0.000000,0.000000,-1.000000,1.000000,0.000000,0.000000;
		decal_origin = 3.046745,0.850000,2.119128,0xEA4FA986;
	  f far_plane = 1.100000;
	  x guid = 0xD4A55509;
	  f horizontal_meters = 4.000000;
	  f lod = 1.000000;
	  f near_plane = 0.100000;
		texture = Art\Bitmaps\Decals\b_d_grs01-a.%img%;
	  f vertical_meters = 4.000000;
	}
	[t:decal,n:*]
	{
		decal_orientation = 0.000000,-1.000000,0.000000,0.000000,0.000000,-1.000000,1.000000,0.000000,0.000000;
		decal_origin = -3.259665,0.849999,1.351246,0xEA4FA986;
	  f far_plane = 1.100000;
	  x guid = 0x030F5AFD;
	  f horizontal_meters = 4.000000;
	  f lod = 1.000000;
	  f near_plane = 0.100000;
		texture = Art\Bitmaps\Decals\b_d_grs01-a.%img%;
	  f vertical_meters = 4.000000;
	}
	[t:decal,n:*]
	{
		decal_orientation = 0.000000,-1.000000,0.000000,0.000000,0.000000,-1.000000,1.000000,0.000000,0.000000;
		decal_origin = 3.013686,0.900000,-1.879844,0xE63CF7D2;
	  f far_plane = 1.100000;
	  x guid = 0xD91AF4AF;
	  f horizontal_meters = 4.000000;
	  f lod = 1.000000;
	  f near_plane = 0.100000;
		texture = Art\Bitmaps\Decals\b_d_grs01-a.%img%;
	  f vertical_meters = 4.000000;
	}
	[t:decal,n:*]
	{
		decal_orientation = 0.000000,-1.000000,0.000000,0.000000,0.000000,-1.000000,1.000000,0.000000,0.000000;
		decal_origin = -3.248694,0.900000,-1.550777,0xE63CF7D2;
	  f far_plane = 1.100000;
	  x guid = 0x7562B735;
	  f horizontal_meters = 4.000000;
	  f lod = 1.000000;
	  f near_plane = 0.100000;
		texture = Art\Bitmaps\Decals\b_d_grs01-a.%img%;
	  f vertical_meters = 4.000000;
	}
	[t:decal,n:*]
	{
		decal_orientation = 0.000000,-1.000000,0.000000,0.000000,0.000000,-1.000000,1.000000,0.000000,0.000000;
		decal_origin = -1.137014,1.150000,-2.081358,0x186C8CD8;
	  f far_plane = 1.100000;
	  x guid = 0xA42F1A72;
	  f horizontal_meters = 4.000000;
	  f lod = 1.000000;
	  f near_plane = 0.100000;
		texture = Art\Bitmaps\Decals\b_d_grs01-a.%img%;
	  f vertical_meters = 4.000000;
	}
	[t:decal,n:*]
	{
		decal_orientation = 0.000000,-1.000000,0.000000,0.000000,0.000000,-1.000000,1.000000,0.000000,0.000000;
		decal_origin = 0.566366,1.150000,-2.025424,0x186C8CD8;
	  f far_plane = 1.100000;
	  x guid = 0xF31959C0;
	  f horizontal_meters = 4.000000;
	  f lod = 1.000000;
	  f near_plane = 0.100000;
		texture = Art\Bitmaps\Decals\b_d_grs01-a.%img%;
	  f vertical_meters = 4.000000;
	}
	[t:decal,n:*]
	{
		decal_orientation = 0.000000,-1.000000,0.000000,0.000000,0.000000,-1.000000,1.000000,0.000000,0.000000;
		decal_origin = 1.283970,1.150000,-0.459973,0x186C8CD8;
	  f far_plane = 1.100000;
	  x guid = 0x6DE3D5EE;
	  f horizontal_meters = 4.000000;
	  f lod = 1.000000;
	  f near_plane = 0.100000;
		texture = Art\Bitmaps\Decals\b_d_grs01-a.%img%;
	  f vertical_meters = 4.000000;
	}
	[t:decal,n:*]
	{
		decal_orientation = 0.000000,-1.000000,0.000000,0.000000,0.000000,-1.000000,1.000000,0.000000,0.000000;
		decal_origin = -1.080670,1.150000,-0.216273,0x186C8CD8;
	  f far_plane = 1.100000;
	  x guid = 0x9B594DB2;
	  f horizontal_meters = 4.000000;
	  f lod = 1.000000;
	  f near_plane = 0.100000;
		texture = Art\Bitmaps\Decals\b_d_grs01-a.%img%;
	  f vertical_meters = 4.000000;
	}
	[t:decal,n:*]
	{
		decal_orientation = 0.000000,-1.000000,0.000000,0.000000,0.000000,-1.000000,1.000000,0.000000,0.000000;
		decal_origin = 0.839505,1.150000,2.010548,0x186C8CD8;
	  f far_plane = 1.100000;
	  x guid = 0x2FBA14D2;
	  f horizontal_meters = 4.000000;
	  f lod = 1.000000;
	  f near_plane = 0.100000;
		texture = Art\Bitmaps\Decals\b_d_grs01-a.%img%;
	  f vertical_meters = 4.000000;
	}
	[t:decal,n:*]
	{
		decal_orientation = 0.000000,-1.000000,0.000000,0.000000,0.000000,-1.000000,1.000000,0.000000,0.000000;
		decal_origin = -0.942678,1.150000,1.986609,0x186C8CD8;
	  f far_plane = 1.100000;
	  x guid = 0xC47AC25F;
	  f horizontal_meters = 4.000000;
	  f lod = 1.000000;
	  f near_plane = 0.100000;
		texture = Art\Bitmaps\Decals\b_d_grs01-a.%img%;
	  f vertical_meters = 4.000000;
	}
	[t:decal,n:*]
	{
		decal_orientation = 0.000000,-1.000000,0.000000,0.000000,0.000000,-1.000000,1.000000,0.000000,0.000000;
		decal_origin = 1.076793,1.150000,2.848579,0x186C8CD8;
	  f far_plane = 1.100000;
	  x guid = 0xEDE740EE;
	  f horizontal_meters = 4.000000;
	  f lod = 1.000000;
	  f near_plane = 0.100000;
		texture = Art\Bitmaps\Decals\b_d_grs01-a.%img%;
	  f vertical_meters = 4.000000;
	}
	[t:decal,n:*]
	{
		decal_orientation = 0.000000,-1.000000,0.000000,0.000000,0.000000,-1.000000,1.000000,0.000000,0.000000;
		decal_origin = -1.232053,1.150000,2.697298,0x186C8CD8;
	  f far_plane = 1.100000;
	  x guid = 0x9121411B;
	  f horizontal_meters = 4.000000;
	  f lod = 1.000000;
	  f near_plane = 0.100000;
		texture = Art\Bitmaps\Decals\b_d_grs01-a.%img%;
	  f vertical_meters = 4.000000;
	}
	[t:decal,n:*]
	{
		decal_orientation = 0.000000,-1.000000,0.000000,0.000000,0.000000,-1.000000,1.000000,0.000000,0.000000;
		decal_origin = 1.658634,1.150000,-2.893520,0x186C8CD8;
	  f far_plane = 1.100000;
	  x guid = 0xB4130C5E;
	  f horizontal_meters = 4.000000;
	  f lod = 1.000000;
	  f near_plane = 0.100000;
		texture = Art\Bitmaps\Decals\b_d_grs01-a.%img%;
	  f vertical_meters = 4.000000;
	}
	[t:decal,n:*]
	{
		decal_orientation = 0.000000,-1.000000,0.000000,0.000000,0.000000,-1.000000,1.000000,0.000000,0.000000;
		decal_origin = 1.997116,1.150000,-0.025838,0x186C8CD8;
	  f far_plane = 1.100000;
	  x guid = 0xEACEA4A7;
	  f horizontal_meters = 4.000000;
	  f lod = 1.000000;
	  f near_plane = 0.100000;
		texture = Art\Bitmaps\Decals\b_d_grs01-a.%img%;
	  f vertical_meters = 4.000000;
	}
	[t:decal,n:*]
	{
		decal_orientation = 0.000000,-1.000000,0.000000,0.000000,0.000000,-1.000000,1.000000,0.000000,0.000000;
		decal_origin = -1.604756,1.150000,0.564275,0x186C8CD8;
	  f far_plane = 1.100000;
	  x guid = 0x9124FC33;
	  f horizontal_meters = 4.000000;
	  f lod = 1.000000;
	  f near_plane = 0.100000;
		texture = Art\Bitmaps\Decals\b_d_grs01-a.%img%;
	  f vertical_meters = 4.000000;
	}
	[t:decal,n:*]
	{
		decal_orientation = 0.000000,-1.000000,0.000000,0.000000,0.000000,-1.000000,1.000000,0.000000,0.000000;
		decal_origin = 1.188241,1.150001,-2.469176,0x8F658DB2;
	  f far_plane = 1.100000;
	  x guid = 0x6D2DC3D7;
	  f horizontal_meters = 4.000000;
	  f lod = 1.000000;
	  f near_plane = 0.100000;
		texture = Art\Bitmaps\Decals\b_d_grs01-a.%img%;
	  f vertical_meters = 4.000000;
	}
	[t:decal,n:*]
	{
		decal_orientation = 0.000000,-1.000000,0.000000,0.000000,0.000000,-1.000000,1.000000,0.000000,0.000000;
		decal_origin = -0.224618,1.150000,-2.376545,0x8F658DB2;
	  f far_plane = 1.100000;
	  x guid = 0x73F0D35C;
	  f horizontal_meters = 4.000000;
	  f lod = 1.000000;
	  f near_plane = 0.100000;
		texture = Art\Bitmaps\Decals\b_d_grs01-a.%img%;
	  f vertical_meters = 4.000000;
	}
	[t:decal,n:*]
	{
		decal_orientation = 0.000000,-1.000000,0.000000,0.000000,0.000000,-1.000000,1.000000,0.000000,0.000000;
		decal_origin = -1.473689,1.150000,-2.096879,0x8F658DB2;
	  f far_plane = 1.100000;
	  x guid = 0x63E6BACE;
	  f horizontal_meters = 4.000000;
	  f lod = 1.000000;
	  f near_plane = 0.100000;
		texture = Art\Bitmaps\Decals\b_d_grs01-a.%img%;
	  f vertical_meters = 4.000000;
	}
	[t:decal,n:*]
	{
		decal_orientation = 0.000000,-1.000000,0.000000,0.000000,0.000000,-1.000000,1.000000,0.000000,0.000000;
		decal_origin = 1.101857,1.150000,-1.035662,0x8F658DB2;
	  f far_plane = 1.100000;
	  x guid = 0x30532795;
	  f horizontal_meters = 4.000000;
	  f lod = 1.000000;
	  f near_plane = 0.100000;
		texture = Art\Bitmaps\Decals\b_d_grs01-a.%img%;
	  f vertical_meters = 4.000000;
	}
	[t:decal,n:*]
	{
		decal_orientation = 0.000000,-1.000000,0.000000,0.000000,0.000000,-1.000000,1.000000,0.000000,0.000000;
		decal_origin = -1.019372,1.150000,-0.716174,0x8F658DB2;
	  f far_plane = 1.100000;
	  x guid = 0x00566FB0;
	  f horizontal_meters = 4.000000;
	  f lod = 1.000000;
	  f near_plane = 0.100000;
		texture = Art\Bitmaps\Decals\b_d_grs01-a.%img%;
	  f vertical_meters = 4.000000;
	}
	[t:decal,n:*]
	{
		decal_orientation = 0.000000,-1.000000,0.000000,0.000000,0.000000,-1.000000,1.000000,0.000000,0.000000;
		decal_origin = 1.099351,1.150000,-0.023827,0x8F658DB2;
	  f far_plane = 1.100000;
	  x guid = 0x747170A5;
	  f horizontal_meters = 4.000000;
	  f lod = 1.000000;
	  f near_plane = 0.100000;
		texture = Art\Bitmaps\Decals\b_d_grs01-a.%img%;
	  f vertical_meters = 4.000000;
	}
	[t:decal,n:*]
	{
		decal_orientation = 0.000000,-1.000000,0.000000,0.000000,0.000000,-1.000000,1.000000,0.000000,0.000000;
		decal_origin = -1.388148,1.150001,0.475014,0x8F658DB2;
	  f far_plane = 1.100000;
	  x guid = 0x4C562142;
	  f horizontal_meters = 4.000000;
	  f lod = 1.000000;
	  f near_plane = 0.100000;
		texture = Art\Bitmaps\Decals\b_d_grs01-a.%img%;
	  f vertical_meters = 4.000000;
	}
	[t:decal,n:*]
	{
		decal_orientation = 0.000000,-1.000000,0.000000,0.000000,0.000000,-1.000000,1.000000,0.000000,0.000000;
		decal_origin = -0.872815,1.150000,2.114265,0x8F658DB2;
	  f far_plane = 1.100000;
	  x guid = 0xFBA43266;
	  f horizontal_meters = 4.000000;
	  f lod = 1.000000;
	  f near_plane = 0.100000;
		texture = Art\Bitmaps\Decals\b_d_grs01-a.%img%;
	  f vertical_meters = 4.000000;
	}
	[t:decal,n:*]
	{
		decal_orientation = 0.000000,-1.000000,0.000000,0.000000,0.000000,-1.000000,1.000000,0.000000,0.000000;
		decal_origin = 0.600734,1.150001,1.225900,0x8F658DB2;
	  f far_plane = 1.100000;
	  x guid = 0x5848113A;
	  f horizontal_meters = 4.000000;
	  f lod = 1.000000;
	  f near_plane = 0.100000;
		texture = Art\Bitmaps\Decals\b_d_grs01-a.%img%;
	  f vertical_meters = 4.000000;
	}
	[t:decal,n:*]
	{
		decal_orientation = 0.000000,-1.000000,0.000000,0.000000,0.000000,-1.000000,1.000000,0.000000,0.000000;
		decal_origin = 1.401669,1.150000,2.568516,0x8F658DB2;
	  f far_plane = 1.100000;
	  x guid = 0x13EA8E9A;
	  f horizontal_meters = 4.000000;
	  f lod = 1.000000;
	  f near_plane = 0.100000;
		texture = Art\Bitmaps\Decals\b_d_grs01-a.%img%;
	  f vertical_meters = 4.000000;
	}
	[t:decal,n:*]
	{
		decal_orientation = 0.000000,-1.000000,0.000000,0.000000,0.000000,-1.000000,1.000000,0.000000,0.000000;
		decal_origin = -1.290121,1.150000,2.751016,0x8F658DB2;
	  f far_plane = 1.100000;
	  x guid = 0x38325C63;
	  f horizontal_meters = 4.000000;
	  f lod = 1.000000;
	  f near_plane = 0.100000;
		texture = Art\Bitmaps\Decals\b_d_grs01-a.%img%;
	  f vertical_meters = 4.000000;
	}
	[t:decal,n:*]
	{
		decal_orientation = 0.000000,-1.000000,0.000000,0.000000,0.000000,-1.000000,1.000000,0.000000,0.000000;
		decal_origin = -1.125198,1.000000,1.204310,0x5A2D555B;
	  f far_plane = 1.100000;
	  x guid = 0x18E24062;
	  f horizontal_meters = 4.000000;
	  f lod = 1.000000;
	  f near_plane = 0.100000;
		texture = Art\Bitmaps\Decals\b_d_grs01-a.%img%;
	  f vertical_meters = 4.000000;
	}
	[t:decal,n:*]
	{
		decal_orientation = 0.000000,-1.000000,0.000000,0.000000,0.000000,-1.000000,1.000000,0.000000,0.000000;
		decal_origin = 0.976151,1.000000,1.268914,0x5A2D555B;
	  f far_plane = 1.100000;
	  x guid = 0x1633149F;
	  f horizontal_meters = 4.000000;
	  f lod = 1.000000;
	  f near_plane = 0.100000;
		texture = Art\Bitmaps\Decals\b_d_grs01-a.%img%;
	  f vertical_meters = 4.000000;
	}
	[t:decal,n:*]
	{
		decal_orientation = 0.000000,-1.000000,0.000000,0.000000,0.000000,-1.000000,1.000000,0.000000,0.000000;
		decal_origin = 1.273026,1.000000,-1.250028,0x5A2D555B;
	  f far_plane = 1.100000;
	  x guid = 0x0C94F3E9;
	  f horizontal_meters = 4.000000;
	  f lod = 1.000000;
	  f near_plane = 0.100000;
		texture = Art\Bitmaps\Decals\b_d_grs01-a.%img%;
	  f vertical_meters = 4.000000;
	}
	[t:decal,n:*]
	{
		decal_orientation = 0.000000,-1.000000,0.000000,0.000000,0.000000,-1.000000,1.000000,0.000000,0.000000;
		decal_origin = -1.032455,1.000000,-1.112852,0x5A2D555B;
	  f far_plane = 1.100000;
	  x guid = 0x4EE0DE54;
	  f horizontal_meters = 4.000000;
	  f lod = 1.000000;
	  f near_plane = 0.100000;
		texture = Art\Bitmaps\Decals\b_d_grs01-a.%img%;
	  f vertical_meters = 4.000000;
	}
	[t:decal,n:*]
	{
		decal_orientation = -0.657852,-0.556461,-0.507525,0.000000,0.673872,-0.738848,0.753147,-0.486053,-0.443309;
		decal_origin = 18.223833,5.962105,-49.769001,0x17AC86A3;
	  f far_plane = 1.100000;
	  x guid = 0x8F409A9A;
	  f horizontal_meters = 6.000000;
	  f lod = 1.000000;
	  f near_plane = 0.100000;
		texture = Art\Bitmaps\Decals\b_d_for01-b.%img%;
	  f vertical_meters = 6.000000;
	}
	[t:decal,n:*]
	{
		decal_orientation = -0.049346,-0.798726,-0.599668,0.000000,0.600400,-0.799700,0.998782,-0.039462,-0.029627;
		decal_origin = 17.680706,6.209076,-48.490818,0x17AC86A3;
	  f far_plane = 1.100000;
	  x guid = 0xC135B465;
	  f horizontal_meters = 6.000000;
	  f lod = 1.000000;
	  f near_plane = 0.100000;
		texture = Art\Bitmaps\Decals\b_d_for01-b.%img%;
	  f vertical_meters = 6.000000;
	}
	[t:decal,n:*]
	{
		decal_orientation = -0.005944,-0.721202,-0.692699,0.000000,0.692711,-0.721215,0.999982,-0.004287,-0.004118;
		decal_origin = 16.529366,7.069596,-46.380207,0x17AC86A3;
	  f far_plane = 1.100000;
	  x guid = 0xF5897584;
	  f horizontal_meters = 6.000000;
	  f lod = 1.000000;
	  f near_plane = 0.100000;
		texture = Art\Bitmaps\Decals\b_d_for01-b.%img%;
	  f vertical_meters = 6.000000;
	}
	[t:decal,n:*]
	{
		decal_orientation = 0.442322,-0.809609,-0.385855,0.000000,0.430230,-0.902719,0.896856,0.399293,0.190300;
		decal_origin = 15.492247,7.676111,-45.231525,0x17AC86A3;
	  f far_plane = 1.100000;
	  x guid = 0x25DC658F;
	  f horizontal_meters = 6.000000;
	  f lod = 1.000000;
	  f near_plane = 0.100000;
		texture = Art\Bitmaps\Decals\b_d_for01-b.%img%;
	  f vertical_meters = 6.000000;
	}
	[t:decal,n:*]
	{
		decal_orientation = -0.973831,0.208028,0.091532,0.000000,0.402737,-0.915316,-0.227275,-0.891363,-0.392197;
		decal_origin = 14.661190,8.085789,-42.742897,0x17AC86A3;
	  f far_plane = 1.100000;
	  x guid = 0x5A4940C1;
	  f horizontal_meters = 6.000000;
	  f lod = 1.000000;
	  f near_plane = 0.100000;
		texture = Art\Bitmaps\Decals\b_d_for01-b.%img%;
	  f vertical_meters = 6.000000;
	}
	[t:decal,n:*]
	{
		decal_orientation = 0.225539,-0.892145,-0.391420,0.000000,0.401772,-0.915740,0.974234,0.206535,0.090615;
		decal_origin = 16.038448,7.768803,-43.168369,0x17AC86A3;
	  f far_plane = 1.100000;
	  x guid = 0x1231BE00;
	  f horizontal_meters = 6.000000;
	  f lod = 1.000000;
	  f near_plane = 0.100000;
		texture = Art\Bitmaps\Decals\b_d_for01-b.%img%;
	  f vertical_meters = 6.000000;
	}
	[t:decal,n:*]
	{
		decal_orientation = -0.993884,0.100600,0.045549,0.000000,0.412461,-0.910975,-0.110432,-0.905403,-0.409938;
		decal_origin = 12.791672,7.091580,-40.767632,0x17AC86A3;
	  f far_plane = 1.100000;
	  x guid = 0x8838C8C3;
	  f horizontal_meters = 6.000000;
	  f lod = 1.000000;
	  f near_plane = 0.100000;
		texture = Art\Bitmaps\Decals\b_d_for01-b.%img%;
	  f vertical_meters = 6.000000;
	}
	[t:decal,n:*]
	{
		decal_orientation = -0.543251,0.749064,0.379185,0.000000,0.451642,-0.892199,-0.839570,-0.484689,-0.245355;
		decal_origin = 11.172243,5.609296,-39.750656,0x17AC86A3;
	  f far_plane = 1.100000;
	  x guid = 0x1200213A;
	  f horizontal_meters = 6.000000;
	  f lod = 1.000000;
	  f near_plane = 0.100000;
		texture = Art\Bitmaps\Decals\b_d_for01-b.%img%;
	  f vertical_meters = 6.000000;
	}
	[t:decal,n:*]
	{
		decal_orientation = -0.883115,0.347702,0.314977,0.000000,0.671370,-0.741123,-0.469156,-0.654497,-0.592897;
		decal_origin = 11.417676,6.050481,-40.049789,0x17AC86A3;
	  f far_plane = 1.100000;
	  x guid = 0x3B10A8E6;
	  f horizontal_meters = 6.000000;
	  f lod = 1.000000;
	  f near_plane = 0.100000;
		texture = Art\Bitmaps\Decals\b_d_for01-b.%img%;
	  f vertical_meters = 6.000000;
	}
	[t:decal,n:*]
	{
		decal_orientation = 0.000000,0.995037,0.099504,0.000000,0.099504,-0.995037,-1.000000,0.000000,0.000000;
		decal_origin = 9.856837,4.449505,-37.957233,0x17AC86A3;
	  f far_plane = 1.100000;
	  x guid = 0xE7E41186;
	  f horizontal_meters = 6.000000;
	  f lod = 1.000000;
	  f near_plane = 0.100000;
		texture = Art\Bitmaps\Decals\b_d_for01-b.%img%;
	  f vertical_meters = 6.000000;
	}
	[t:decal,n:*]
	{
		decal_orientation = 0.242535,0.965029,0.099473,0.000000,0.102534,-0.994729,-0.970143,0.241257,0.024868;
		decal_origin = 8.402432,4.304254,-36.004890,0x17AC86A3;
	  f far_plane = 1.100000;
	  x guid = 0xB4043289;
	  f horizontal_meters = 6.000000;
	  f lod = 1.000000;
	  f near_plane = 0.100000;
		texture = Art\Bitmaps\Decals\b_d_for01-b.%img%;
	  f vertical_meters = 6.000000;
	}
	[t:decal,n:*]
	{
		decal_orientation = 0.939794,-0.327989,-0.095975,0.000000,0.280841,-0.959754,0.341743,0.901971,0.263933;
		decal_origin = 7.338589,4.522056,-33.617653,0x17AC86A3;
	  f far_plane = 1.100000;
	  x guid = 0x68540118;
	  f horizontal_meters = 6.000000;
	  f lod = 1.000000;
	  f near_plane = 0.100000;
		texture = Art\Bitmaps\Decals\b_d_for01-b.%img%;
	  f vertical_meters = 6.000000;
	}
	[t:decal,n:*]
	{
		decal_orientation = 0.838444,0.468077,0.279134,0.000000,0.512184,-0.858876,-0.544988,0.720119,0.429438;
		decal_origin = 5.443833,5.282188,-31.520414,0x17AC86A3;
	  f far_plane = 1.100000;
	  x guid = 0xAB3F8043;
	  f horizontal_meters = 6.000000;
	  f lod = 1.000000;
	  f near_plane = 0.100000;
		texture = Art\Bitmaps\Decals\b_d_for01-b.%img%;
	  f vertical_meters = 6.000000;
	}
	[t:decal,n:*]
	{
		decal_orientation = 0.995037,-0.088910,-0.044677,0.000000,0.448995,-0.893534,0.099504,0.889100,0.446767;
		decal_origin = 6.260402,5.779366,-30.771212,0x17AC86A3;
	  f far_plane = 1.100000;
	  x guid = 0xE0CDE2A9;
	  f horizontal_meters = 6.000000;
	  f lod = 1.000000;
	  f near_plane = 0.100000;
		texture = Art\Bitmaps\Decals\b_d_for01-b.%img%;
	  f vertical_meters = 6.000000;
	}
	[t:decal,n:*]
	{
		decal_orientation = 0.810679,0.511912,0.284157,0.000000,0.485332,-0.874330,-0.585490,0.708801,0.393449;
		decal_origin = 4.661324,6.486894,-28.290234,0x17AC86A3;
	  f far_plane = 1.100000;
	  x guid = 0x9B6EF181;
	  f horizontal_meters = 6.000000;
	  f lod = 1.000000;
	  f near_plane = 0.100000;
		texture = Art\Bitmaps\Decals\b_d_for01-b.%img%;
	  f vertical_meters = 6.000000;
	}
	[t:decal,n:*]
	{
		decal_orientation = 0.961524,0.270281,0.049192,0.000000,0.179061,-0.983838,-0.274721,0.945984,0.172172;
		decal_origin = 5.830958,6.938685,-27.875019,0x17AC86A3;
	  f far_plane = 1.100000;
	  x guid = 0x30C530A9;
	  f horizontal_meters = 6.000000;
	  f lod = 1.000000;
	  f near_plane = 0.100000;
		texture = Art\Bitmaps\Decals\b_d_for01-b.%img%;
	  f vertical_meters = 6.000000;
	}
	[t:decal,n:*]
	{
		decal_orientation = 0.419058,-0.854846,-0.305988,0.000000,0.337007,-0.941502,0.907959,0.394544,0.141225;
		decal_origin = 6.902723,6.609902,-28.451208,0x17AC86A3;
	  f far_plane = 1.100000;
	  x guid = 0x45FD7184;
	  f horizontal_meters = 6.000000;
	  f lod = 1.000000;
	  f near_plane = 0.100000;
		texture = Art\Bitmaps\Decals\b_d_for01-b.%img%;
