[decals]
{
	[t:decal,n:*]
	{
		decal_orientation = 0.000000,-1.000000,0.000000,0.000000,0.000000,-1.000000,1.000000,0.000000,0.000000;
		decal_origin = 1.456142,0.788939,1.595150,0x692EAFF9;
	  f far_plane = 1.100000;
	  x guid = 0x3FD0D4BC;
	  f horizontal_meters = 4.000000;
	  f lod = 1.000000;
	  f near_plane = 0.100000;
		texture = Art\Bitmaps\Decals\b_d_for01-a.%img%;
	  f vertical_meters = 4.000000;
	}
	[t:decal,n:*]
	{
		decal_orientation = -1.000000,0.000000,0.000000,0.000000,0.000000,-1.000000,0.000000,-1.000000,0.000000;
		decal_origin = 7.452087,-16.801039,5.602127,0xAE20D697;
	  f far_plane = 1.100000;
	  x guid = 0xCDB97901;
	  f horizontal_meters = 4.000000;
	  f lod = 1.000000;
	  f near_plane = 0.100000;
		texture = Art\Bitmaps\Decals\b_d_for01-a.%img%;
	  f vertical_meters = 4.000000;
	}
	[t:decal,n:*]
	{
		decal_orientation = -1.000000,0.000000,0.000000,0.000000,0.000000,-1.000000,0.000000,-1.000000,0.000000;
		decal_origin = 7.476381,-16.801037,-2.383775,0xAE20D697;
	  f far_plane = 1.100000;
	  x guid = 0x2203A383;
	  f horizontal_meters = 4.000000;
	  f lod = 1.000000;
	  f near_plane = 0.100000;
		texture = Art\Bitmaps\Decals\b_d_for01-a.%img%;
	  f vertical_meters = 4.000000;
	}
	[t:decal,n:*]
	{
		decal_orientation = 0.000000,-1.000000,0.000000,0.000000,0.000000,-1.000000,1.000000,0.000000,0.000000;
		decal_origin = 3.817519,0.000002,-2.903184,0x0669C210;
	  f far_plane = 1.100000;
	  x guid = 0x287353AF;
	  f horizontal_meters = 4.000000;
	  f lod = 1.000000;
	  f near_plane = 0.100000;
		texture = Art\Bitmaps\Decals\b_d_for01-a.%img%;
	  f vertical_meters = 4.000000;
	}
	[t:decal,n:*]
	{
		decal_orientation = 1.000000,0.000000,0.000000,0.000000,0.196116,-0.980581,0.000000,0.980581,0.196116;
		decal_origin = 3.895813,1.946104,3.131485,0x0669C210;
	  f far_plane = 1.100000;
	  x guid = 0x00563BF1;
	  f horizontal_meters = 4.000000;
	  f lod = 1.000000;
	  f near_plane = 0.100000;
		texture = Art\Bitmaps\Decals\b_d_for01-a.%img%;
	  f vertical_meters = 4.000000;
	}
	[t:decal,n:*]
	{
		decal_orientation = 1.000000,0.000000,0.000000,0.000000,0.447214,-0.894427,0.000000,0.894427,0.447214;
		decal_origin = 3.797611,1.080775,0.795899,0x0669C210;
	  f far_plane = 1.100000;
	  x guid = 0x902C0799;
	  f horizontal_meters = 4.000000;
	  f lod = 1.000000;
	  f near_plane = 0.100000;
		texture = Art\Bitmaps\Decals\b_d_for01-a.%img%;
	  f vertical_meters = 4.000000;
	}
	[t:decal,n:*]
	{
		decal_orientation = 1.000000,0.000000,0.000000,0.000000,0.447214,-0.894427,0.000000,0.894427,0.447214;
		decal_origin = 3.759393,0.606203,-1.023667,0x0669C210;
	  f far_plane = 1.100000;
	  x guid = 0x1D645710;
	  f horizontal_meters = 4.000000;
	  f lod = 1.000000;
	  f near_plane = 0.100000;
		texture = Art\Bitmaps\Decals\b_d_for01-a.%img%;
	  f vertical_meters = 4.000000;
	}
	[t:decal,n:*]
	{
		decal_orientation = 1.000000,0.000000,0.000000,0.000000,0.196116,-0.980581,0.000000,0.980581,0.196116;
		decal_origin = -1.084705,1.945065,3.126290,0x0669C210;
	  f far_plane = 1.100000;
	  x guid = 0xB9CF75D4;
	  f horizontal_meters = 4.000000;
	  f lod = 1.000000;
	  f near_plane = 0.100000;
		texture = Art\Bitmaps\Decals\b_d_for01-a.%img%;
	  f vertical_meters = 4.000000;
	}
	[t:decal,n:*]
	{
		decal_orientation = 0.000000,-1.000000,0.000000,0.000000,0.000000,-1.000000,1.000000,0.000000,0.000000;
		decal_origin = -3.662422,1.737127,3.860468,0x0669C210;
	  f far_plane = 1.100000;
	  x guid = 0x5668112B;
	  f horizontal_meters = 4.000000;
	  f lod = 1.000000;
	  f near_plane = 0.100000;
		texture = Art\Bitmaps\Decals\b_d_for01-a.%img%;
	  f vertical_meters = 4.000000;
	}
	[t:decal,n:*]
	{
		decal_orientation = 0.000001,0.998752,0.049938,0.000000,0.049938,-0.998752,-1.000000,0.000001,0.000000;
		decal_origin = 27.901539,1.097652,-18.875027,0x9DD772DA;
	  f far_plane = 1.100000;
	  x guid = 0xBCA59A75;
	  f horizontal_meters = 4.000000;
	  f lod = 1.000000;
	  f near_plane = 0.100000;
		texture = Art\Bitmaps\Decals\b_d_for01-a.%img%;
	  f vertical_meters = 4.000000;
	}
	[t:decal,n:*]
	{
		decal_orientation = 0.000001,0.998752,0.049938,0.000000,0.049938,-0.998752,-1.000000,0.000001,0.000000;
		decal_origin = 27.917088,1.098431,-16.278008,0x9DD772DA;
	  f far_plane = 1.100000;
	  x guid = 0x9C0426CE;
	  f horizontal_meters = 4.000000;
	  f lod = 1.000000;
	  f near_plane = 0.100000;
		texture = Art\Bitmaps\Decals\b_d_for01-a.%img%;
	  f vertical_meters = 4.000000;
	}
	[t:decal,n:*]
	{
		decal_orientation = -0.707106,-0.705346,-0.049875,0.000000,0.070534,-0.997509,0.707107,-0.705345,-0.049875;
		decal_origin = -26.835733,1.064298,-18.853359,0x7C5698A8;
	  f far_plane = 1.100000;
	  x guid = 0x8156D12E;
	  f horizontal_meters = 4.000000;
	  f lod = 1.000000;
	  f near_plane = 0.100000;
		texture = Art\Bitmaps\Decals\b_d_for01-a.%img%;
	  f vertical_meters = 4.000000;
	}
	[t:decal,n:*]
	{
		decal_orientation = 0.000001,-0.998752,-0.049938,0.000000,0.049938,-0.998752,1.000000,0.000001,0.000000;
		decal_origin = -27.936985,1.099426,-14.357927,0x7C5698A8;
	  f far_plane = 1.100000;
	  x guid = 0x7F109BB8;
	  f horizontal_meters = 4.000000;
	  f lod = 1.000000;
	  f near_plane = 0.100000;
		texture = Art\Bitmaps\Decals\b_d_for01-a.%img%;
	  f vertical_meters = 4.000000;
	}
	[t:decal,n:*]
	{
		decal_orientation = -1.000000,0.000000,0.000000,0.000000,0.049938,-0.998752,0.000000,-0.998752,-0.049938;
		decal_origin = -24.651453,1.090240,-19.753288,0x7C5698A8;
	  f far_plane = 1.100000;
	  x guid = 0x31AB9487;
	  f horizontal_meters = 4.000000;
	  f lod = 1.000000;
	  f near_plane = 0.100000;
		texture = Art\Bitmaps\Decals\b_d_for01-a.%img%;
	  f vertical_meters = 4.000000;
	}
	[t:decal,n:*]
	{
		decal_orientation = 0.000000,-1.000000,0.000000,0.000000,0.000000,-1.000000,1.000000,0.000000,0.000000;
		decal_origin = 3.385702,-16.475000,-5.909012,0x872FE054;
	  f far_plane = 1.100000;
	  x guid = 0x156AEF00;
	  f horizontal_meters = 4.000000;
	  f lod = 1.000000;
	  f near_plane = 0.100000;
		texture = Art\Bitmaps\Decals\b_d_for01-a.%img%;
	  f vertical_meters = 4.000000;
	}
	[t:decal,n:*]
	{
		decal_orientation = 0.000000,-1.000000,0.000000,0.000000,0.000000,-1.000000,1.000000,0.000000,0.000000;
		decal_origin = 0.821337,-16.475000,-5.973321,0x872FE054;
	  f far_plane = 1.100000;
	  x guid = 0x9277B420;
	  f horizontal_meters = 4.000000;
	  f lod = 1.000000;
	  f near_plane = 0.100000;
		texture = Art\Bitmaps\Decals\b_d_for01-a.%img%;
	  f vertical_meters = 4.000000;
	}
	[t:decal,n:*]
	{
		decal_orientation = 1.000000,0.000000,0.000000,0.000000,0.049938,-0.998752,0.000000,0.998752,0.049938;
		decal_origin = 27.832027,1.098146,19.911339,0x4D6B5631;
	  f far_plane = 1.100000;
	  x guid = 0xEBC2C087;
	  f horizontal_meters = 4.000000;
	  f lod = 1.000000;
	  f near_plane = 0.100000;
		texture = Art\Bitmaps\Decals\b_d_for01-a.%img%;
	  f vertical_meters = 4.000000;
	}
	[t:decal,n:*]
	{
		decal_orientation = 1.000000,0.000000,0.000000,0.000000,0.049938,-0.998752,0.000000,0.998752,0.049938;
		decal_origin = 16.538275,1.097278,19.894054,0x4D6B5631;
	  f far_plane = 1.100000;
	  x guid = 0x42CA2B67;
	  f horizontal_meters = 4.000000;
	  f lod = 1.000000;
	  f near_plane = 0.100000;
		texture = Art\Bitmaps\Decals\b_d_for01-a.%img%;
	  f vertical_meters = 4.000000;
	}
	[t:decal,n:*]
	{
		decal_orientation = 1.000000,0.000000,0.000000,0.000000,0.024992,-0.999688,0.000000,0.999688,0.024992;
		decal_origin = 19.555872,1.098967,19.893114,0x4D6B5631;
	  f far_plane = 1.100000;
	  x guid = 0x60E6AA33;
	  f horizontal_meters = 4.000000;
	  f lod = 1.000000;
	  f near_plane = 0.100000;
		texture = Art\Bitmaps\Decals\b_d_for01-a.%img%;
	  f vertical_meters = 4.000000;
	}
	[t:decal,n:*]
	{
		decal_orientation = 1.000000,0.000000,0.000000,0.000000,0.049938,-0.998752,0.000000,0.998752,0.049938;
		decal_origin = 25.164282,1.070955,19.367579,0x4D6B5631;
	  f far_plane = 1.100000;
	  x guid = 0xD5502CFE;
	  f horizontal_meters = 4.000000;
	  f lod = 1.000000;
	  f near_plane = 0.100000;
		texture = Art\Bitmaps\Decals\b_d_for01-a.%img%;
	  f vertical_meters = 4.000000;
	}
	[t:decal,n:*]
	{
		decal_orientation = 0.000000,-1.000000,0.000000,0.000000,0.000000,-1.000000,1.000000,0.000000,0.000000;
		decal_origin = 7.702311,-16.801039,2.336065,0x050E598F;
	  f far_plane = 1.100000;
	  x guid = 0x8895CB3C;
	  f horizontal_meters = 4.000000;
	  f lod = 1.000000;
	  f near_plane = 0.100000;
		texture = Art\Bitmaps\Decals\b_d_for01-a.%img%;
	  f vertical_meters = 4.000000;
	}
	[t:decal,n:*]
	{
		decal_orientation = 0.000000,-1.000000,0.000000,0.000000,0.000000,-1.000000,1.000000,0.000000,0.000000;
		decal_origin = 7.872435,-16.801039,7.538498,0x219A15C0;
	  f far_plane = 1.100000;
	  x guid = 0x9F1B18AB;
	  f horizontal_meters = 4.000000;
	  f lod = 1.000000;
	  f near_plane = 0.100000;
		texture = Art\Bitmaps\Decals\b_d_for01-a.%img%;
	  f vertical_meters = 4.000000;
	}
	[t:decal,n:*]
	{
		decal_orientation = 0.000000,-1.000000,0.000000,0.000000,0.000000,-1.000000,1.000000,0.000000,0.000000;
		decal_origin = 7.698162,-16.801041,-1.046337,0x219A15C0;
	  f far_plane = 1.100000;
	  x guid = 0x58D8A342;
	  f horizontal_meters = 4.000000;
	  f lod = 1.000000;
	  f near_plane = 0.100000;
		texture = Art\Bitmaps\Decals\b_d_for01-a.%img%;
	  f vertical_meters = 4.000000;
	}
	[t:decal,n:*]
	{
		decal_orientation = 0.000000,-1.000000,0.000000,0.000000,0.000000,-1.000000,1.000000,0.000000,0.000001;
		decal_origin = 7.925218,-16.801041,4.685155,0x219A15C0;
	  f far_plane = 1.100000;
	  x guid = 0x9922B0E8;
	  f horizontal_meters = 4.000000;
	  f lod = 1.000000;
	  f near_plane = 0.100000;
		texture = Art\Bitmaps\Decals\b_d_for01-a.%img%;
	  f vertical_meters = 4.000000;
	}
	[t:decal,n:*]
	{
		decal_orientation = 0.000000,-1.000000,0.000000,0.000000,0.000000,-1.000000,1.000000,0.000000,0.000000;
		decal_origin = 3.592505,0.000000,1.734643,0xC71FF85C;
	  f far_plane = 1.100000;
	  x guid = 0xB263FA74;
	  f horizontal_meters = 4.000000;
	  f lod = 1.000000;
	  f near_plane = 0.100000;
		texture = Art\Bitmaps\Decals\b_d_for01-a.%img%;
	  f vertical_meters = 4.000000;
	}
	[t:decal,n:*]
	{
		decal_orientation = 1.000000,0.000000,0.000000,0.000000,0.049938,-0.998752,0.000000,0.998752,0.049938;
		decal_origin = -24.169130,1.098362,19.915726,0x66FA5222;
	  f far_plane = 1.100000;
	  x guid = 0xDB56B02F;
	  f horizontal_meters = 4.000000;
	  f lod = 1.000000;
	  f near_plane = 0.100000;
		texture = Art\Bitmaps\Decals\b_d_for01-a.%img%;
	  f vertical_meters = 4.000000;
	}
	[t:decal,n:*]
	{
		decal_orientation = -0.894427,0.446517,0.024961,0.000000,0.055815,-0.998441,-0.447214,-0.893033,-0.049922;
		decal_origin = -26.729090,1.022621,19.420889,0x66FA5222;
	  f far_plane = 1.100000;
	  x guid = 0x6A8F3E6C;
	  f horizontal_meters = 4.000000;
	  f lod = 1.000000;
	  f near_plane = 0.100000;
		texture = Art\Bitmaps\Decals\b_d_for01-a.%img%;
	  f vertical_meters = 4.000000;
	}
	[t:decal,n:*]
	{
		decal_orientation = 0.000001,-0.998752,-0.049938,0.000000,0.049938,-0.998752,1.000000,0.000001,0.000000;
		decal_origin = -27.904957,1.097824,16.715361,0x66FA5222;
	  f far_plane = 1.100000;
	  x guid = 0xB4BC9829;
	  f horizontal_meters = 4.000000;
	  f lod = 1.000000;
	  f near_plane = 0.100000;
		texture = Art\Bitmaps\Decals\b_d_for01-a.%img%;
	  f vertical_meters = 4.000000;
	}
	[t:decal,n:*]
	{
		decal_orientation = 1.000000,0.000000,0.000000,0.000000,0.026306,-0.999654,0.000000,0.999654,0.026306;
		decal_origin = 3.038475,-16.470737,-2.792238,0xCF94BCE0;
	  f far_plane = 1.100000;
	  x guid = 0xBE6CD0FB;
	  f horizontal_meters = 4.000000;
	  f lod = 1.000000;
	  f near_plane = 0.100000;
		texture = Art\Bitmaps\Decals\b_d_for01-a.%img%;
	  f vertical_meters = 4.000000;
	}
	[t:decal,n:*]
	{
		decal_orientation = 0.000000,-1.000000,0.000000,0.000000,0.000000,-1.000000,1.000000,0.000000,0.000000;
		decal_origin = -2.559482,-16.737383,-6.877777,0xCF94BCE0;
	  f far_plane = 1.100000;
	  x guid = 0x2749CDE7;
	  f horizontal_meters = 4.000000;
	  f lod = 1.000000;
	  f near_plane = 0.100000;
		texture = Art\Bitmaps\Decals\b_d_for01-a.%img%;
	  f vertical_meters = 4.000000;
	}
	[t:decal,n:*]
	{
		decal_orientation = 0.000000,-1.000000,0.000000,0.000000,0.000000,-1.000000,1.000000,0.000000,0.000000;
		decal_origin = 1.147303,-16.662502,-3.517118,0x8701A27B;
	  f far_plane = 1.100000;
	  x guid = 0x8BE978E7;
	  f horizontal_meters = 2.000000;
	  f lod = 1.000000;
	  f near_plane = 0.100000;
		texture = Art\Bitmaps\Decals\b_d_for01-a.%img%;
	  f vertical_meters = 2.000000;
	}
	[t:decal,n:*]
	{
		decal_orientation = 0.000000,-1.000000,0.000000,0.000000,0.000000,-1.000000,1.000000,0.000000,0.000000;
		decal_origin = 2.330194,-16.662502,-3.593321,0x8701A27B;
	  f far_plane = 1.100000;
	  x guid = 0xC67DCC8D;
	  f horizontal_meters = 2.000000;
	  f lod = 1.000000;
	  f near_plane = 0.100000;
		texture = Art\Bitmaps\Decals\b_d_for01-a.%img%;
	  f vertical_meters = 2.000000;
	}
	[t:decal,n:*]
	{
		decal_orientation = 0.000000,-1.000000,0.000000,0.000000,0.000000,-1.000000,1.000000,0.000000,0.000000;
		decal_origin = 3.480819,-16.662498,-3.681812,0x8701A27B;
	  f far_plane = 1.100000;
	  x guid = 0x1BBE48D7;
	  f horizontal_meters = 2.000000;
	  f lod = 1.000000;
	  f near_plane = 0.100000;
		texture = Art\Bitmaps\Decals\b_d_for01-a.%img%;
	  f vertical_meters = 2.000000;
	}
	[t:decal,n:*]
	{
		decal_orientation = 0.000000,-1.000000,0.000000,0.000000,0.000000,-1.000000,1.000000,0.000000,0.000000;
		decal_origin = -3.631529,-16.662502,-3.646347,0x8701A27B;
	  f far_plane = 1.100000;
	  x guid = 0xFB58493C;
	  f horizontal_meters = 2.000000;
	  f lod = 1.000000;
	  f near_plane = 0.100000;
		texture = Art\Bitmaps\Decals\b_d_for01-a.%img%;
	  f vertical_meters = 2.000000;
	}
	[t:decal,n:*]
	{
		decal_orientation = 1.000000,0.000000,0.000000,0.000000,0.057050,-0.998371,0.000000,0.998371,0.057050;
		decal_origin = -2.359765,-16.663746,-3.769967,0x8701A27B;
	  f far_plane = 1.100000;
	  x guid = 0x2360D558;
	  f horizontal_meters = 2.000000;
	  f lod = 1.000000;
	  f near_plane = 0.100000;
		texture = Art\Bitmaps\Decals\b_d_for01-a.%img%;
	  f vertical_meters = 2.000000;
	}
	[t:decal,n:*]
	{
		decal_orientation = 0.000000,-1.000000,0.000000,0.000000,0.000000,-1.000000,1.000000,0.000000,0.000000;
		decal_origin = 1.818674,-16.475000,-5.648827,0xE9708EEC;
	  f far_plane = 1.100000;
	  x guid = 0x5C04602C;
	  f horizontal_meters = 4.000000;
	  f lod = 1.000000;
	  f near_plane = 0.100000;
		texture = Art\Bitmaps\Decals\b_d_for01-a.%img%;
	  f vertical_meters = 4.000000;
	}
	[t:decal,n:*]
	{
		decal_orientation = 0.000000,-1.000000,0.000000,0.000000,0.000000,-1.000000,1.000000,0.000000,0.000000;
		decal_origin = -0.310552,0.000004,-3.958812,0xEBDC75FD;
	  f far_plane = 1.100000;
	  x guid = 0x80C1C91A;
	  f horizontal_meters = 4.000000;
	  f lod = 1.000000;
	  f near_plane = 0.100000;
		texture = Art\Bitmaps\Decals\b_d_for01-a.%img%;
	  f vertical_meters = 4.000000;
	}
	[t:decal,n:*]
	{
		decal_orientation = 0.000000,-1.000000,0.000000,0.000000,0.000000,-1.000000,1.000000,0.000000,0.000000;
		decal_origin = -6.527221,-16.794405,-6.553742,0xAB191741;
	  f far_plane = 1.100000;
	  x guid = 0x51F7F1AF;
	  f horizontal_meters = 4.000000;
	  f lod = 1.000000;
	  f near_plane = 0.100000;
		texture = Art\Bitmaps\Decals\b_d_for01-b.%img%;
	  f vertical_meters = 4.000000;
	}
	[t:decal,n:*]
	{
		decal_orientation = 0.000000,-1.000000,0.000000,0.000000,0.000000,-1.000000,1.000000,0.000000,0.000000;
		decal_origin = 6.995674,-16.737501,-6.788890,0x906B10A0;
	  f far_plane = 1.100000;
	  x guid = 0xFDC7B347;
	  f horizontal_meters = 4.000000;
	  f lod = 1.000000;
	  f near_plane = 0.100000;
		texture = Art\Bitmaps\Decals\b_d_for01-b.%img%;
	  f vertical_meters = 4.000000;
	}
	[t:decal,n:*]
	{
		decal_orientation = 1.000000,0.000000,0.000000,0.000000,0.196116,-0.980581,0.000000,0.980581,0.196116;
		decal_origin = 2.922737,1.622694,1.848648,0x35CB9CB7;
	  f far_plane = 1.100000;
	  x guid = 0x30CE1410;
	  f horizontal_meters = 4.000000;
	  f lod = 1.000000;
	  f near_plane = 0.100000;
		texture = Art\Bitmaps\Decals\b_d_for01-b.%img%;
	  f vertical_meters = 4.000000;
	}
	[t:decal,n:*]
	{
		decal_orientation = 1.000000,0.000000,0.000000,0.000000,0.447214,-0.894427,0.000000,0.894427,0.447214;
		decal_origin = -2.998543,0.973330,0.320854,0x81A0CBFC;
	  f far_plane = 1.100000;
	  x guid = 0xF2DD9BB2;
	  f horizontal_meters = 4.000000;
	  f lod = 1.000000;
	  f near_plane = 0.100000;
		texture = Art\Bitmaps\Decals\b_d_for01-b.%img%;
	  f vertical_meters = 4.000000;
	}
	[t:decal,n:*]
	{
		decal_orientation = -0.009260,-0.996030,-0.088540,0.000000,0.088544,-0.996072,0.999957,-0.009224,-0.000820;
		decal_origin = -0.945129,-4.923661,1.438229,0x5606D63E;
	  f far_plane = 1.100000;
	  x guid = 0xED3564A0;
	  f horizontal_meters = 4.000000;
	  f lod = 1.000000;
	  f near_plane = 0.100000;
		texture = Art\Bitmaps\Decals\b_d_for01-a.%img%;
	  f vertical_meters = 4.000000;
	}
	[t:decal,n:*]
	{
		decal_orientation = 0.693642,0.716248,0.076488,0.000000,0.106187,-0.994346,-0.720320,0.689720,0.073656;
		decal_origin = 0.855347,-4.944857,1.407402,0x5606D63E;
	  f far_plane = 1.100000;
	  x guid = 0xA9C38014;
	  f horizontal_meters = 4.000000;
	  f lod = 1.000000;
	  f near_plane = 0.100000;
		texture = Art\Bitmaps\Decals\b_d_for01-a.%img%;
	  f vertical_meters = 4.000000;
	}
	[t:decal,n:*]
	{
		decal_orientation = 0.000000,-1.000000,0.000000,0.000000,0.000000,-1.000000,1.000000,0.000000,0.000000;
		decal_origin = -3.667568,1.000000,-0.731669,0xF683BCF3;
	  f far_plane = 1.100000;
	  x guid = 0x858DF898;
	  f horizontal_meters = 4.000000;
	  f lod = 1.000000;
	  f near_plane = 0.100000;
		texture = Art\Bitmaps\Decals\b_d_for01-a.%img%;
	  f vertical_meters = 4.000000;
	}
	[t:decal,n:*]
	{
		decal_orientation = 0.000000,-1.000000,0.000000,0.000000,0.000000,-1.000000,1.000000,0.000000,0.000000;
		decal_origin = 3.709690,1.000000,1.745096,0xF5AE8662;
	  f far_plane = 1.100000;
	  x guid = 0x0EAD04FB;
	  f horizontal_meters = 4.000000;
	  f lod = 1.000000;
	  f near_plane = 0.100000;
		texture = Art\Bitmaps\Decals\b_d_for01-a.%img%;
	  f vertical_meters = 4.000000;
	}
	[t:decal,n:*]
	{
		decal_orientation = 0.000000,-1.000000,0.000000,0.000000,0.000000,-1.000000,1.000000,0.000000,0.000000;
		decal_origin = 3.736757,1.000000,-1.380240,0xF5AE8662;
	  f far_plane = 1.100000;
	  x guid = 0x57AC4BFB;
	  f horizontal_meters = 4.000000;
	  f lod = 1.000000;
	  f near_plane = 0.100000;
		texture = Art\Bitmaps\Decals\b_d_for01-a.%img%;
	  f vertical_meters = 4.000000;
	}
	[t:decal,n:*]
	{
		decal_orientation = 0.000000,-1.000000,0.000000,0.000000,0.000000,-1.000000,1.000000,0.000000,0.000000;
		decal_origin = 1.710700,1.000000,1.649171,0x7140DB7C;
	  f far_plane = 1.100000;
	  x guid = 0xA3155F3B;
	  f horizontal_meters = 4.000000;
	  f lod = 1.000000;
	  f near_plane = 0.100000;
		texture = Art\Bitmaps\Decals\b_d_for01-a.%img%;
	  f vertical_meters = 4.000000;
	}
	[t:decal,n:*]
	{
		decal_orientation = 0.000000,-1.000000,0.000000,0.000000,0.000000,-1.000000,1.000000,0.000000,0.000000;
		decal_origin = -0.464663,1.000000,1.925940,0x7140DB7C;
	  f far_plane = 1.100000;
	  x guid = 0x205A7D68;
	  f horizontal_meters = 4.000000;
	  f lod = 1.000000;
	  f near_plane = 0.100000;
		texture = Art\Bitmaps\Decals\b_d_for01-a.%img%;
	  f vertical_meters = 4.000000;
	}
	[t:decal,n:*]
	{
		decal_orientation = -1.000000,0.000000,0.000000,0.000000,0.000000,-1.000000,0.000000,-1.000000,0.000000;
		decal_origin = 3.269135,-16.349716,-5.156996,0x904961E0;
	  f far_plane = 1.100000;
	  x guid = 0x734CC5C5;
	  f horizontal_meters = 4.000000;
	  f lod = 1.000000;
	  f near_plane = 0.100000;
		texture = Art\Bitmaps\Decals\b_d_for01-a.%img%;
	  f vertical_meters = 4.000000;
	}
	[t:decal,n:*]
	{
		decal_orientation = 0.000000,-0.894427,-0.447214,0.000000,0.447214,-0.894427,1.000000,0.000000,0.000000;
		decal_origin = 1.136783,-15.800071,-5.193648,0x904961E0;
	  f far_plane = 1.100000;
	  x guid = 0x6C87E706;
	  f horizontal_meters = 4.000000;
	  f lod = 1.000000;
	  f near_plane = 0.100000;
		texture = Art\Bitmaps\Decals\b_d_for01-a.%img%;
	  f vertical_meters = 4.000000;
	}
	[t:decal,n:*]
	{
		decal_orientation = 1.000000,0.000000,0.000000,0.000000,0.196116,-0.980581,0.000000,0.980581,0.196116;
		decal_origin = 3.872784,1.651917,3.208303,0xF9BB3689;
	  f far_plane = 1.100000;
	  x guid = 0x3272C884;
	  f horizontal_meters = 4.000000;
	  f lod = 1.000000;
	  f near_plane = 0.100000;
		texture = Art\Bitmaps\Decals\b_d_for01-a.%img%;
	  f vertical_meters = 4.000000;
	}
	[t:decal,n:*]
	{
		decal_orientation = 0.965843,0.230121,0.119130,0.000000,0.459732,-0.888058,-0.259128,0.857724,0.444029;
		decal_origin = 3.689445,1.009270,0.406448,0xF9BB3689;
	  f far_plane = 1.100000;
	  x guid = 0xC334A4D9;
	  f horizontal_meters = 3.000000;
	  f lod = 1.000000;
	  f near_plane = 0.100000;
		texture = Art\Bitmaps\Decals\b_d_for01-a.%img%;
	  f vertical_meters = 3.000000;
	}
	[t:decal,n:*]
	{
		decal_orientation = 0.000000,1.000000,0.000000,0.000000,0.000000,-1.000000,-1.000000,0.000000,0.000000;
		decal_origin = 0.195469,-0.081813,-3.783108,0x5E41EFCD;
	  f far_plane = 1.100000;
	  x guid = 0x96F483DB;
	  f horizontal_meters = 4.000000;
	  f lod = 1.000000;
	  f near_plane = 0.100000;
		texture = Art\Bitmaps\Decals\b_d_for01-a.%img%;
	  f vertical_meters = 4.000000;
	}
	[t:decal,n:*]
	{
		decal_orientation = 0.000000,-1.000000,0.000000,0.000000,0.000000,-1.000000,1.000000,0.000000,0.000000;
		decal_origin = 2.129539,0.008001,-3.762417,0x5E41EFCD;
	  f far_plane = 1.100000;
	  x guid = 0xA2D7AAEE;
	  f horizontal_meters = 4.000000;
	  f lod = 1.000000;
	  f near_plane = 0.100000;
		texture = Art\Bitmaps\Decals\b_d_for01-a.%img%;
	  f vertical_meters = 4.000000;
	}
	[t:decal,n:*]
	{
		decal_orientation = 0.000000,-1.000000,0.000000,0.000000,0.000000,-1.000000,1.000000,0.000000,0.000000;
		decal_origin = 3.657623,0.008083,-3.884214,0xC482AE26;
	  f far_plane = 1.100000;
	  x guid = 0xDEAE78F3;
	  f horizontal_meters = 4.000000;
	  f lod = 1.000000;
	  f near_plane = 0.100000;
		texture = Art\Bitmaps\Decals\b_d_for01-a.%img%;
	  f vertical_meters = 4.000000;
	}
	[t:decal,n:*]
	{
		decal_orientation = 0.000000,-0.980581,-0.196116,0.000000,0.196116,-0.980581,1.000000,0.000000,0.000000;
		decal_origin = -2.100193,1.747926,-3.995913,0xC482AE26;
	  f far_plane = 1.100000;
	  x guid = 0x919AB3F7;
	  f horizontal_meters = 4.000000;
	  f lod = 1.000000;
	  f near_plane = 0.100000;
		texture = Art\Bitmaps\Decals\b_d_for01-a.%img%;
	  f vertical_meters = 4.000000;
	}
	[t:decal,n:*]
	{
		decal_orientation = 0.000000,-0.894427,-0.447214,0.000000,0.447214,-0.894427,1.000000,0.000000,0.000000;
		decal_origin = 1.391490,0.430372,-3.841441,0xC482AE26;
	  f far_plane = 1.100000;
	  x guid = 0xF604F5CA;
	  f horizontal_meters = 4.000000;
	  f lod = 1.000000;
	  f near_plane = 0.100000;
		texture = Art\Bitmaps\Decals\b_d_for01-a.%img%;
	  f vertical_meters = 4.000000;
	}
	[t:decal,n:*]
	{
		decal_orientation = 0.000000,-1.000000,0.000000,0.000000,0.000000,-1.000000,1.000000,0.000000,0.000000;
		decal_origin = -2.720339,1.000000,-0.127228,0xF92CCE7A;
	  f far_plane = 1.100000;
	  x guid = 0x70A1D4DF;
	  f horizontal_meters = 4.000000;
	  f lod = 0.000000;
	  f near_plane = 0.100000;
		texture = art\bitmaps\decals\b_d_for01-a.psd;
	  f vertical_meters = 4.000000;
	}
}
