[decals]
{
	[t:decal,n:*]
	{
		decal_orientation = -0.039967,-0.988129,-0.148338,0.000000,0.148456,-0.988919,0.999201,-0.039525,-0.005933;
		decal_origin = -1.653283,-2.832975,-1.221185,0x79C0C28D;
	  f far_plane = 1.100000;
	  x guid = 0xC7E58716;
	  f horizontal_meters = 4.000000;
	  f lod = 1.000000;
	  f near_plane = 0.100000;
		texture = art\bitmaps\decals\b_d_grs01-a.raw;
	  f vertical_meters = 4.000000;
	}
	[t:decal,n:*]
	{
		decal_orientation = 0.000000,-0.997055,-0.076696,0.000000,0.076696,-0.997055,1.000000,0.000000,0.000000;
		decal_origin = -0.168713,-2.984067,-1.470942,0x79C0C28D;
	  f far_plane = 1.100000;
	  x guid = 0x079E1FE2;
	  f horizontal_meters = 4.000000;
	  f lod = 1.000000;
	  f near_plane = 0.100000;
		texture = art\bitmaps\decals\b_d_grs01-a.raw;
	  f vertical_meters = 4.000000;
	}
	[t:decal,n:*]
	{
		decal_orientation = -0.605083,0.794543,0.050744,0.000000,0.063736,-0.997967,-0.796162,-0.603853,-0.038565;
		decal_origin = 1.851479,-2.879488,-1.379639,0x79C0C28D;
	  f far_plane = 1.100000;
	  x guid = 0xDFEDF87D;
	  f horizontal_meters = 4.000000;
	  f lod = 1.000000;
	  f near_plane = 0.100000;
		texture = art\bitmaps\decals\b_d_grs01-a.raw;
	  f vertical_meters = 4.000000;
	}
	[t:decal,n:*]
	{
		decal_orientation = -0.119145,-0.979177,-0.164367,0.000000,0.165546,-0.986202,0.992877,-0.117501,-0.019724;
		decal_origin = -2.868076,-2.643685,-1.465633,0x79C0C28D;
	  f far_plane = 1.100000;
	  x guid = 0xB79792B4;
	  f horizontal_meters = 4.000000;
	  f lod = 1.000000;
	  f near_plane = 0.100000;
		texture = art\bitmaps\decals\b_d_grs01-a.raw;
	  f vertical_meters = 4.000000;
	}
}
