[decals]
{
	[t:decal,n:*]
	{
		decal_orientation = -0.039967,-0.988129,-0.148338,0.000000,0.148456,-0.988919,0.999201,-0.039525,-0.005933;
		decal_origin = -2.084360,-2.766032,-1.601272,0x6F62B98E;
	  f far_plane = 1.100000;
	  x guid = 0x35D0DEF1;
	  f horizontal_meters = 4.000000;
	  f lod = 1.000000;
	  f near_plane = 0.100000;
		texture = Art\Bitmaps\Decals\b_d_grs01-a.%img%;
	  f vertical_meters = 4.000000;
	}
	[t:decal,n:*]
	{
		decal_orientation = -0.304776,-0.946009,-0.110363,0.000000,0.115875,-0.993264,0.952424,-0.302723,-0.035316;
		decal_origin = -0.211861,-2.975527,-1.835482,0x6F62B98E;
	  f far_plane = 1.100000;
	  x guid = 0x8469DF8B;
	  f horizontal_meters = 4.000000;
	  f lod = 1.000000;
	  f near_plane = 0.100000;
		texture = Art\Bitmaps\Decals\b_d_grs01-a.%img%;
	  f vertical_meters = 4.000000;
	}
	[t:decal,n:*]
	{
		decal_orientation = 0.000000,0.997199,0.074790,0.000000,0.074790,-0.997199,-1.000000,0.000000,0.000000;
		decal_origin = 1.289565,-2.900474,-1.641288,0x6F62B98E;
	  f far_plane = 1.100000;
	  x guid = 0xD6BB5223;
	  f horizontal_meters = 4.000000;
	  f lod = 1.000000;
	  f near_plane = 0.100000;
		texture = Art\Bitmaps\Decals\b_d_grs01-a.%img%;
	  f vertical_meters = 4.000000;
	}
	[t:decal,n:*]
	{
		decal_orientation = 0.000000,-1.000000,0.000000,0.000000,0.000000,-1.000000,1.000000,0.000000,0.000000;
		decal_origin = 2.578515,-2.849999,-1.675895,0x6F62B98E;
	  f far_plane = 1.100000;
	  x guid = 0x0D3830D7;
	  f horizontal_meters = 4.000000;
	  f lod = 1.000000;
	  f near_plane = 0.100000;
		texture = Art\Bitmaps\Decals\b_d_grs01-a.%img%;
	  f vertical_meters = 4.000000;
	}
	[t:decal,n:*]
	{
		decal_orientation = -0.039967,-0.988129,-0.148338,0.000000,0.148456,-0.988919,0.999201,-0.039525,-0.005933;
		decal_origin = -2.270560,-2.738523,-1.531534,0x09378168;
	  f far_plane = 1.100000;
	  x guid = 0x35F5BA7C;
	  f horizontal_meters = 4.000000;
	  f lod = 1.000000;
	  f near_plane = 0.100000;
		texture = Art\Bitmaps\Decals\b_d_grs01-a.%img%;
	  f vertical_meters = 4.000000;
	}
	[t:decal,n:*]
	{
		decal_orientation = -0.304776,-0.946009,-0.110363,0.000000,0.115875,-0.993264,0.952424,-0.302723,-0.035316;
		decal_origin = -1.154516,-2.873942,-1.746833,0x09378168;
	  f far_plane = 1.100000;
	  x guid = 0x8A203512;
	  f horizontal_meters = 4.000000;
	  f lod = 1.000000;
	  f near_plane = 0.100000;
		texture = Art\Bitmaps\Decals\b_d_grs01-a.%img%;
	  f vertical_meters = 4.000000;
	}
	[t:decal,n:*]
	{
		decal_orientation = 0.000000,0.997199,0.074790,0.000000,0.074790,-0.997199,-1.000000,0.000000,0.000000;
		decal_origin = 0.550945,-2.955870,-1.785588,0x09378168;
	  f far_plane = 1.100000;
	  x guid = 0xC821CE7E;
	  f horizontal_meters = 4.000000;
	  f lod = 1.000000;
	  f near_plane = 0.100000;
		texture = Art\Bitmaps\Decals\b_d_grs01-a.%img%;
	  f vertical_meters = 4.000000;
	}
	[t:decal,n:*]
	{
		decal_orientation = 0.000000,-1.000000,0.000000,0.000000,0.000000,-1.000000,1.000000,0.000000,0.000000;
		decal_origin = 2.405137,-2.850000,-1.763332,0x09378168;
	  f far_plane = 1.100000;
	  x guid = 0xFE0E901C;
	  f horizontal_meters = 4.000000;
	  f lod = 1.000000;
	  f near_plane = 0.100000;
		texture = Art\Bitmaps\Decals\b_d_grs01-a.%img%;
	  f vertical_meters = 4.000000;
	}
}
