[decals]
{
	[t:decal,n:*]
	{
		decal_orientation = 0.417902,0.907453,0.043429,0.000000,0.047803,-0.998857,-0.908492,0.417425,0.019977;
		decal_origin = 0.247120,-2.968658,-4.727308,0x74A662F8;
	  f far_plane = 1.100000;
	  x guid = 0x97E0BE7A;
	  f horizontal_meters = 4.000000;
	  f lod = 1.000000;
	  f near_plane = 0.100000;
		texture = Art\Bitmaps\Decals\b_d_for01-b.%img%;
	  f vertical_meters = 4.000000;
	}
	[t:decal,n:*]
	{
		decal_orientation = 0.000000,-1.000000,0.000000,0.000000,0.000000,-1.000000,1.000000,0.000000,0.000000;
		decal_origin = -2.745010,1.000001,0.455804,0x6A5EB644;
	  f far_plane = 1.100000;
	  x guid = 0x3F3CCB24;
	  f horizontal_meters = 4.000000;
	  f lod = 1.000000;
	  f near_plane = 0.100000;
		texture = Art\Bitmaps\Decals\b_d_for01-b.%img%;
	  f vertical_meters = 4.000000;
	}
	[t:decal,n:*]
	{
		decal_orientation = 0.000000,-1.000000,0.000000,0.000000,0.000000,-1.000000,1.000000,0.000000,0.000000;
		decal_origin = -0.872096,1.000000,0.627081,0x6A5EB644;
	  f far_plane = 1.100000;
	  x guid = 0xD021CDF3;
	  f horizontal_meters = 4.000000;
	  f lod = 1.000000;
	  f near_plane = 0.100000;
		texture = Art\Bitmaps\Decals\b_d_for01-b.%img%;
	  f vertical_meters = 4.000000;
	}
	[t:decal,n:*]
	{
		decal_orientation = 0.000000,-1.000000,0.000000,0.000000,0.000000,-1.000000,1.000000,0.000000,0.000000;
		decal_origin = 1.182222,0.999999,1.249758,0x6A5EB644;
	  f far_plane = 1.100000;
	  x guid = 0x59A568FE;
	  f horizontal_meters = 4.000000;
	  f lod = 1.000000;
	  f near_plane = 0.100000;
		texture = Art\Bitmaps\Decals\b_d_for01-b.%img%;
	  f vertical_meters = 4.000000;
	}
	[t:decal,n:*]
	{
		decal_orientation = 0.000000,-1.000000,0.000000,0.000000,0.000000,-1.000000,1.000000,0.000000,0.000000;
		decal_origin = 3.280622,1.000001,1.816361,0x6A5EB644;
	  f far_plane = 1.100000;
	  x guid = 0x6A9E0DD9;
	  f horizontal_meters = 4.000000;
	  f lod = 1.000000;
	  f near_plane = 0.100000;
		texture = Art\Bitmaps\Decals\b_d_for01-b.%img%;
	  f vertical_meters = 4.000000;
	}
	[t:decal,n:*]
	{
		decal_orientation = 0.000000,-1.000000,0.000000,0.000000,0.000000,-1.000000,1.000000,0.000000,0.000000;
		decal_origin = -2.688881,1.000000,1.804765,0xB58803D9;
	  f far_plane = 1.100000;
	  x guid = 0xE64413DD;
	  f horizontal_meters = 4.000000;
	  f lod = 1.000000;
	  f near_plane = 0.100000;
		texture = Art\Bitmaps\Decals\b_d_for01-b.%img%;
	  f vertical_meters = 4.000000;
	}
	[t:decal,n:*]
	{
		decal_orientation = 0.000000,-1.000000,0.000000,0.000000,0.000000,-1.000000,1.000000,0.000000,0.000000;
		decal_origin = -0.649349,1.000000,1.568596,0xB58803D9;
	  f far_plane = 1.100000;
	  x guid = 0xE51D14F6;
	  f horizontal_meters = 4.000000;
	  f lod = 1.000000;
	  f near_plane = 0.100000;
		texture = Art\Bitmaps\Decals\b_d_for01-b.%img%;
	  f vertical_meters = 4.000000;
	}
	[t:decal,n:*]
	{
		decal_orientation = 0.000000,-1.000000,0.000000,0.000000,0.000000,-1.000000,1.000000,0.000000,0.000000;
		decal_origin = 1.260591,1.000000,1.386500,0xB58803D9;
	  f far_plane = 1.100000;
	  x guid = 0x339D5716;
	  f horizontal_meters = 4.000000;
	  f lod = 1.000000;
	  f near_plane = 0.100000;
		texture = Art\Bitmaps\Decals\b_d_for01-b.%img%;
	  f vertical_meters = 4.000000;
	}
	[t:decal,n:*]
	{
		decal_orientation = 0.000000,-1.000000,0.000000,0.000000,0.000000,-1.000000,1.000000,0.000000,0.000000;
		decal_origin = 3.679718,0.999998,1.108448,0xB58803D9;
	  f far_plane = 1.100000;
	  x guid = 0x69476537;
	  f horizontal_meters = 4.000000;
	  f lod = 1.000000;
	  f near_plane = 0.100000;
		texture = Art\Bitmaps\Decals\b_d_for01-b.%img%;
	  f vertical_meters = 4.000000;
	}
	[t:decal,n:*]
	{
		decal_orientation = 0.993884,0.099358,0.048199,0.000000,0.436464,-0.899722,-0.110431,0.894219,0.433794;
		decal_origin = -2.920381,2.300254,1.582737,0x38A420E4;
	  f far_plane = 1.100000;
	  x guid = 0x9C419DE3;
	  f horizontal_meters = 4.000000;
	  f lod = 1.000000;
	  f near_plane = 0.100000;
		texture = Art\Bitmaps\Decals\b_d_for01-b.%img%;
	  f vertical_meters = 4.000000;
	}
	[t:decal,n:*]
	{
		decal_orientation = 0.118050,-0.729649,-0.673555,0.000000,0.678298,-0.734787,0.993008,0.086741,0.080073;
		decal_origin = -2.554735,2.469860,2.109722,0x38A420E4;
	  f far_plane = 1.100000;
	  x guid = 0x2193AF7A;
	  f horizontal_meters = 4.000000;
	  f lod = 1.000000;
	  f near_plane = 0.100000;
		texture = Art\Bitmaps\Decals\b_d_for01-b.%img%;
	  f vertical_meters = 4.000000;
	}
	[t:decal,n:*]
	{
		decal_orientation = 0.968493,-0.227432,-0.101470,0.000000,0.407443,-0.913231,0.249041,0.884457,0.394606;
		decal_origin = -1.445569,1.806354,0.785953,0x38A420E4;
	  f far_plane = 1.100000;
	  x guid = 0xBF3F0062;
	  f horizontal_meters = 4.000000;
	  f lod = 1.000000;
	  f near_plane = 0.100000;
		texture = Art\Bitmaps\Decals\b_d_for01-b.%img%;
	  f vertical_meters = 4.000000;
	}
	[t:decal,n:*]
	{
		decal_orientation = 0.747409,-0.576337,-0.330477,0.000000,0.497434,-0.867502,0.664364,0.648379,0.371787;
		decal_origin = -0.784836,1.279520,-0.390694,0x38A420E4;
	  f far_plane = 1.100000;
	  x guid = 0x9D2A0955;
	  f horizontal_meters = 4.000000;
	  f lod = 1.000000;
	  f near_plane = 0.100000;
		texture = Art\Bitmaps\Decals\b_d_for01-b.%img%;
	  f vertical_meters = 4.000000;
	}
	[t:decal,n:*]
	{
		decal_orientation = 0.710622,-0.559936,-0.426015,0.000000,0.605501,-0.795844,0.703574,0.565544,0.430282;
		decal_origin = -0.205696,0.523652,-1.503133,0x38A420E4;
	  f far_plane = 1.100000;
	  x guid = 0x9B3D7FD0;
	  f horizontal_meters = 4.000000;
	  f lod = 1.000000;
	  f near_plane = 0.100000;
		texture = Art\Bitmaps\Decals\b_d_for01-b.%img%;
	  f vertical_meters = 4.000000;
	}
	[t:decal,n:*]
	{
		decal_orientation = -0.755033,0.653282,0.056107,0.000000,0.085571,-0.996332,-0.655687,-0.752264,-0.064609;
		decal_origin = 0.174469,0.023167,-1.863431,0x38A420E4;
	  f far_plane = 1.100000;
	  x guid = 0x42027FB2;
	  f horizontal_meters = 4.000000;
	  f lod = 1.000000;
	  f near_plane = 0.100000;
		texture = Art\Bitmaps\Decals\b_d_for01-b.%img%;
	  f vertical_meters = 4.000000;
	}
	[t:decal,n:*]
	{
		decal_orientation = 0.231998,-0.852621,-0.468203,0.000000,0.481336,-0.876536,0.972716,0.203355,0.111669;
		decal_origin = 1.390033,-0.483487,-2.947910,0x38A420E4;
	  f far_plane = 1.100000;
	  x guid = 0x1A7AE782;
	  f horizontal_meters = 4.000000;
	  f lod = 1.000000;
	  f near_plane = 0.100000;
		texture = Art\Bitmaps\Decals\b_d_for01-b.%img%;
	  f vertical_meters = 4.000000;
	}
	[t:decal,n:*]
	{
		decal_orientation = 0.996685,-0.064143,-0.050055,0.000000,0.615211,-0.788363,0.081362,0.785749,0.613171;
		decal_origin = 1.508710,-1.139898,-4.401858,0x38A420E4;
	  f far_plane = 1.100000;
	  x guid = 0xD500D031;
	  f horizontal_meters = 4.000000;
	  f lod = 1.000000;
	  f near_plane = 0.100000;
		texture = Art\Bitmaps\Decals\b_d_for01-b.%img%;
	  f vertical_meters = 4.000000;
	}
	[t:decal,n:*]
	{
		decal_orientation = -0.490261,-0.865895,-0.099348,0.000000,0.113987,-0.993482,0.871576,-0.487066,-0.055883;
		decal_origin = 2.431975,-0.955454,-3.187681,0x38A420E4;
	  f far_plane = 1.100000;
	  x guid = 0xEDA1C767;
	  f horizontal_meters = 4.000000;
	  f lod = 1.000000;
	  f near_plane = 0.100000;
		texture = Art\Bitmaps\Decals\b_d_for01-b.%img%;
	  f vertical_meters = 4.000000;
	}
	[t:decal,n:*]
	{
		decal_orientation = 0.104685,-0.812539,-0.573429,0.000000,0.576597,-0.817029,0.994505,0.085530,0.060361;
		decal_origin = 1.887642,-0.675956,-1.573201,0x38A420E4;
	  f far_plane = 1.100000;
	  x guid = 0x6FC32706;
	  f horizontal_meters = 4.000000;
	  f lod = 1.000000;
	  f near_plane = 0.100000;
		texture = Art\Bitmaps\Decals\b_d_for01-b.%img%;
	  f vertical_meters = 4.000000;
	}
	[t:decal,n:*]
	{
		decal_orientation = 0.980581,-0.170633,-0.096674,0.000000,0.492941,-0.870063,0.196116,0.853167,0.483368;
		decal_origin = -1.534508,2.284951,1.757198,0x38A420E4;
	  f far_plane = 1.100000;
	  x guid = 0x21B19CA8;
	  f horizontal_meters = 4.000000;
	  f lod = 1.000000;
	  f near_plane = 0.100000;
		texture = Art\Bitmaps\Decals\b_d_for01-b.%img%;
	  f vertical_meters = 4.000000;
	}
	[t:decal,n:*]
	{
		decal_orientation = 1.000000,0.000000,0.000000,0.000000,0.099504,-0.995037,0.000000,0.995037,0.099504;
		decal_origin = -1.993578,2.948597,3.436089,0x38A420E4;
	  f far_plane = 1.100000;
	  x guid = 0x863D7912;
	  f horizontal_meters = 4.000000;
	  f lod = 1.000000;
	  f near_plane = 0.100000;
		texture = Art\Bitmaps\Decals\b_d_for01-b.%img%;
	  f vertical_meters = 4.000000;
	}
	[t:decal,n:*]
	{
		decal_orientation = 0.000000,-1.000000,0.000000,0.000000,0.000000,-1.000000,1.000000,0.000000,0.000000;
		decal_origin = -3.625345,1.000000,-1.257669,0x524E56B0;
	  f far_plane = 1.100000;
	  x guid = 0x9259C1BD;
	  f horizontal_meters = 4.000000;
	  f lod = 1.000000;
	  f near_plane = 0.100000;
		texture = Art\Bitmaps\Decals\b_d_for01-b.%img%;
	  f vertical_meters = 4.000000;
	}
	[t:decal,n:*]
	{
		decal_orientation = 0.000000,-1.000000,0.000000,0.000000,0.000000,-1.000000,1.000000,0.000000,0.000000;
		decal_origin = -1.959808,1.000000,-1.763617,0x524E56B0;
	  f far_plane = 1.100000;
	  x guid = 0x41657925;
	  f horizontal_meters = 4.000000;
	  f lod = 1.000000;
	  f near_plane = 0.100000;
		texture = Art\Bitmaps\Decals\b_d_for01-b.%img%;
	  f vertical_meters = 4.000000;
	}
	[t:decal,n:*]
	{
		decal_orientation = 0.000000,-1.000000,0.000000,0.000000,0.000000,-1.000000,1.000000,0.000000,0.000000;
		decal_origin = -0.000908,3.000000,1.462658,0x989D590B;
	  f far_plane = 1.100000;
	  x guid = 0x750C93CF;
	  f horizontal_meters = 4.000000;
	  f lod = 1.000000;
	  f near_plane = 0.100000;
		texture = Art\Bitmaps\Decals\b_d_for01-b.%img%;
	  f vertical_meters = 4.000000;
	}
	[t:decal,n:*]
	{
		decal_orientation = 0.000000,-1.000000,0.000000,0.000000,0.000000,-1.000000,1.000000,0.000000,0.000000;
		decal_origin = 1.671607,3.000004,1.028765,0x989D590B;
	  f far_plane = 1.100000;
	  x guid = 0x8AD900F8;
	  f horizontal_meters = 4.000000;
	  f lod = 1.000000;
	  f near_plane = 0.100000;
		texture = Art\Bitmaps\Decals\b_d_for01-b.%img%;
	  f vertical_meters = 4.000000;
	}
	[t:decal,n:*]
	{
		decal_orientation = 0.000000,-1.000000,0.000000,0.000000,0.000000,-1.000000,1.000000,0.000000,0.000000;
		decal_origin = 3.680311,3.000000,0.622194,0x989D590B;
	  f far_plane = 1.100000;
	  x guid = 0xF31C4DEC;
	  f horizontal_meters = 4.000000;
	  f lod = 1.000000;
	  f near_plane = 0.100000;
		texture = Art\Bitmaps\Decals\b_d_for01-b.%img%;
	  f vertical_meters = 4.000000;
	}
	[t:decal,n:*]
	{
		decal_orientation = 0.000000,-1.000000,0.000000,0.000000,0.000000,-1.000000,1.000000,0.000000,0.000000;
		decal_origin = -0.914023,1.000000,-0.347763,0x0508C9E6;
	  f far_plane = 1.100000;
	  x guid = 0xC4D0521E;
	  f horizontal_meters = 4.000000;
	  f lod = 1.000000;
	  f near_plane = 0.100000;
		texture = Art\Bitmaps\Decals\b_d_for01-b.%img%;
	  f vertical_meters = 4.000000;
	}
	[t:decal,n:*]
	{
		decal_orientation = 0.000000,-1.000000,0.000000,0.000000,0.000000,-1.000000,1.000000,0.000000,0.000000;
		decal_origin = 0.954371,1.000004,-0.744278,0x0508C9E6;
	  f far_plane = 1.100000;
	  x guid = 0x4AC9BB6E;
	  f horizontal_meters = 4.000000;
	  f lod = 1.000000;
	  f near_plane = 0.100000;
		texture = Art\Bitmaps\Decals\b_d_for01-b.%img%;
	  f vertical_meters = 4.000000;
	}
	[t:decal,n:*]
	{
		decal_orientation = 0.000000,-1.000000,0.000000,0.000000,0.000000,-1.000000,1.000000,0.000000,0.000000;
		decal_origin = 3.768582,3.000000,0.578991,0x0D031E5F;
	  f far_plane = 1.100000;
	  x guid = 0xF950A439;
	  f horizontal_meters = 4.000000;
	  f lod = 1.000000;
	  f near_plane = 0.100000;
		texture = Art\Bitmaps\Decals\b_d_for01-b.%img%;
	  f vertical_meters = 4.000000;
	}
	[t:decal,n:*]
	{
		decal_orientation = 0.066519,0.971740,0.226488,0.000000,0.226990,-0.973897,-0.997785,0.064783,0.015099;
		decal_origin = -0.433713,2.909276,2.925149,0x97876E57;
	  f far_plane = 1.100000;
	  x guid = 0x89AD7BD5;
	  f horizontal_meters = 4.000000;
	  f lod = 1.000000;
	  f near_plane = 0.100000;
		texture = Art\Bitmaps\Decals\b_d_for01-b.%img%;
	  f vertical_meters = 4.000000;
	}
	[t:decal,n:*]
	{
		decal_orientation = 0.655353,0.619398,0.432271,0.000000,0.572300,-0.820044,-0.755322,0.537419,0.375059;
		decal_origin = -0.788897,2.447337,1.836317,0x97876E57;
	  f far_plane = 1.100000;
	  x guid = 0xB5A41B90;
	  f horizontal_meters = 4.000000;
	  f lod = 1.000000;
	  f near_plane = 0.100000;
		texture = Art\Bitmaps\Decals\b_d_for01-b.%img%;
	  f vertical_meters = 4.000000;
	}
	[t:decal,n:*]
	{
		decal_orientation = 0.000000,-1.000000,0.000000,0.000000,0.000000,-1.000000,1.000000,0.000000,0.000000;
		decal_origin = 0.233006,3.000002,3.033591,0x97876E57;
	  f far_plane = 1.100000;
	  x guid = 0xFB6ACB28;
	  f horizontal_meters = 4.000000;
	  f lod = 1.000000;
	  f near_plane = 0.100000;
		texture = Art\Bitmaps\Decals\b_d_for01-b.%img%;
	  f vertical_meters = 4.000000;
	}
	[t:decal,n:*]
	{
		decal_orientation = 0.863779,0.397959,0.309054,0.000000,0.613359,-0.789804,-0.503871,0.682216,0.529807;
		decal_origin = -0.694803,2.165037,1.322180,0x97876E57;
	  f far_plane = 1.100000;
	  x guid = 0xF6827880;
	  f horizontal_meters = 4.000000;
	  f lod = 1.000000;
	  f near_plane = 0.100000;
		texture = Art\Bitmaps\Decals\b_d_for01-b.%img%;
	  f vertical_meters = 4.000000;
	}
	[t:decal,n:*]
	{
		decal_orientation = 0.863779,0.441463,0.242891,0.000000,0.482050,-0.876143,-0.503871,0.756794,0.416385;
		decal_origin = -0.860816,1.591338,0.351038,0x97876E57;
	  f far_plane = 1.100000;
	  x guid = 0x94FBA298;
	  f horizontal_meters = 4.000000;
	  f lod = 1.000000;
	  f near_plane = 0.100000;
		texture = Art\Bitmaps\Decals\b_d_for01-b.%img%;
	  f vertical_meters = 4.000000;
	}
	[t:decal,n:*]
	{
		decal_orientation = 0.745241,-0.577596,-0.333164,0.000000,0.499650,-0.866227,0.666795,0.645548,0.372360;
		decal_origin = -0.463281,1.039084,-0.664948,0x97876E57;
	  f far_plane = 1.100000;
	  x guid = 0x99CAFD74;
	  f horizontal_meters = 4.000000;
	  f lod = 1.000000;
	  f near_plane = 0.100000;
		texture = Art\Bitmaps\Decals\b_d_for01-b.%img%;
	  f vertical_meters = 4.000000;
	}
	[t:decal,n:*]
	{
		decal_orientation = 0.710622,-0.559936,-0.426015,0.000000,0.605501,-0.795844,0.703574,0.565544,0.430282;
		decal_origin = 0.086073,0.211099,-1.792357,0x97876E57;
	  f far_plane = 1.100000;
	  x guid = 0x6A27DC47;
	  f horizontal_meters = 4.000000;
	  f lod = 1.000000;
	  f near_plane = 0.100000;
		texture = Art\Bitmaps\Decals\b_d_for01-b.%img%;
	  f vertical_meters = 4.000000;
	}
	[t:decal,n:*]
	{
		decal_orientation = 0.231998,-0.852621,-0.468203,0.000000,0.481336,-0.876536,0.972716,0.203355,0.111669;
		decal_origin = 1.092138,-0.273185,-2.546186,0x97876E57;
	  f far_plane = 1.100000;
	  x guid = 0x01C9CEF1;
	  f horizontal_meters = 4.000000;
	  f lod = 1.000000;
	  f near_plane = 0.100000;
		texture = Art\Bitmaps\Decals\b_d_for01-b.%img%;
	  f vertical_meters = 4.000000;
	}
	[t:decal,n:*]
	{
		decal_orientation = -0.755033,0.653282,0.056107,0.000000,0.085571,-0.996332,-0.655687,-0.752264,-0.064609;
		decal_origin = 0.015489,0.048538,-2.392764,0x97876E57;
	  f far_plane = 1.100000;
	  x guid = 0xF82696D8;
	  f horizontal_meters = 4.000000;
	  f lod = 1.000000;
	  f near_plane = 0.100000;
		texture = Art\Bitmaps\Decals\b_d_for01-b.%img%;
	  f vertical_meters = 4.000000;
	}
	[t:decal,n:*]
	{
		decal_orientation = 0.964764,-0.245953,-0.093476,0.000000,0.355266,-0.934765,0.263117,0.901828,0.342747;
		decal_origin = 2.590430,-1.009204,-4.054406,0x97876E57;
	  f far_plane = 1.100000;
	  x guid = 0x8358782C;
	  f horizontal_meters = 4.000000;
	  f lod = 1.000000;
	  f near_plane = 0.100000;
		texture = Art\Bitmaps\Decals\b_d_for01-b.%img%;
	  f vertical_meters = 4.000000;
	}
	[t:decal,n:*]
	{
		decal_orientation = -0.490261,-0.865895,-0.099348,0.000000,0.113987,-0.993482,0.871576,-0.487066,-0.055883;
		decal_origin = 2.292191,-0.947283,-3.084442,0x97876E57;
	  f far_plane = 1.100000;
	  x guid = 0x8C31B071;
	  f horizontal_meters = 4.000000;
	  f lod = 1.000000;
	  f near_plane = 0.100000;
		texture = Art\Bitmaps\Decals\b_d_for01-b.%img%;
	  f vertical_meters = 4.000000;
	}
	[t:decal,n:*]
	{
		decal_orientation = 0.000000,-1.000000,0.000000,0.000000,0.000000,-1.000000,1.000000,0.000000,0.000000;
		decal_origin = 3.891221,1.000000,0.063411,0xFE11F47E;
	  f far_plane = 1.100000;
	  x guid = 0xB0689C85;
	  f horizontal_meters = 4.000000;
	  f lod = 1.000000;
	  f near_plane = 0.100000;
		texture = Art\Bitmaps\Decals\b_d_for01-b.%img%;
	  f vertical_meters = 4.000000;
	}
	[t:decal,n:*]
	{
		decal_orientation = 0.000000,-1.000000,0.000000,0.000000,0.000000,-1.000000,1.000000,0.000000,0.000000;
		decal_origin = 2.169631,1.000000,-0.478592,0xFE11F47E;
	  f far_plane = 1.100000;
	  x guid = 0x3458018F;
	  f horizontal_meters = 4.000000;
	  f lod = 1.000000;
	  f near_plane = 0.100000;
		texture = Art\Bitmaps\Decals\b_d_for01-b.%img%;
	  f vertical_meters = 4.000000;
	}
	[t:decal,n:*]
	{
		decal_orientation = 0.000000,-1.000000,0.000000,0.000000,0.000000,-1.000000,1.000000,0.000000,0.000000;
		decal_origin = 0.430031,1.000000,-1.743595,0xFE11F47E;
	  f far_plane = 1.100000;
	  x guid = 0x0449413F;
	  f horizontal_meters = 4.000000;
	  f lod = 1.000000;
	  f near_plane = 0.100000;
		texture = Art\Bitmaps\Decals\b_d_for01-b.%img%;
	  f vertical_meters = 4.000000;
	}
	[t:decal,n:*]
	{
		decal_orientation = 0.000000,-1.000000,0.000000,0.000000,0.000000,-1.000000,1.000000,0.000000,0.000000;
		decal_origin = 0.008093,9.000002,-0.214738,0x518CF7B7;
	  f far_plane = 1.100000;
	  x guid = 0x80B8C1D0;
	  f horizontal_meters = 4.000000;
	  f lod = 1.000000;
	  f near_plane = 0.100000;
		texture = Art\Bitmaps\Decals\b_d_for01-b.%img%;
	  f vertical_meters = 4.000000;
	}
	[t:decal,n:*]
	{
		decal_orientation = 0.000000,-1.000000,0.000000,0.000000,0.000000,-1.000000,1.000000,0.000000,0.000000;
		decal_origin = 2.536933,1.000002,-3.756243,0xF586DDA3;
	  f far_plane = 1.100000;
	  x guid = 0x411C8221;
	  f horizontal_meters = 4.000000;
	  f lod = 1.000000;
	  f near_plane = 0.100000;
		texture = Art\Bitmaps\Decals\b_d_for01-b.%img%;
	  f vertical_meters = 4.000000;
	}
	[t:decal,n:*]
	{
		decal_orientation = 0.000000,-1.000000,0.000000,0.000000,0.000000,-1.000000,1.000000,0.000000,0.000000;
		decal_origin = 2.086627,1.000000,-1.908567,0xF586DDA3;
	  f far_plane = 1.100000;
	  x guid = 0xDBA53276;
	  f horizontal_meters = 4.000000;
	  f lod = 1.000000;
	  f near_plane = 0.100000;
		texture = Art\Bitmaps\Decals\b_d_for01-b.%img%;
	  f vertical_meters = 4.000000;
	}
	[t:decal,n:*]
	{
		decal_orientation = 0.000000,-1.000000,0.000000,0.000000,0.000000,-1.000000,1.000000,0.000000,0.000000;
		decal_origin = 1.897566,1.000000,-0.334259,0xF586DDA3;
	  f far_plane = 1.100000;
	  x guid = 0x9E442F5F;
	  f horizontal_meters = 4.000000;
	  f lod = 1.000000;
	  f near_plane = 0.100000;
		texture = Art\Bitmaps\Decals\b_d_for01-b.%img%;
	  f vertical_meters = 4.000000;
	}
	[t:decal,n:*]
	{
		decal_orientation = 0.000000,-1.000000,0.000000,0.000000,0.000000,-1.000000,1.000000,0.000000,0.000000;
		decal_origin = 1.200529,0.999996,1.803068,0xF586DDA3;
	  f far_plane = 1.100000;
	  x guid = 0xBB2E8204;
	  f horizontal_meters = 4.000000;
	  f lod = 1.000000;
	  f near_plane = 0.100000;
		texture = Art\Bitmaps\Decals\b_d_for01-b.%img%;
	  f vertical_meters = 4.000000;
	}
	[t:decal,n:*]
	{
		decal_orientation = 0.000000,-1.000000,0.000000,0.000000,0.000000,-1.000000,1.000000,0.000000,0.000000;
		decal_origin = 0.324971,1.000000,2.813953,0xF586DDA3;
	  f far_plane = 1.100000;
	  x guid = 0x39138441;
	  f horizontal_meters = 4.000000;
	  f lod = 1.000000;
	  f near_plane = 0.100000;
		texture = Art\Bitmaps\Decals\b_d_for01-b.%img%;
	  f vertical_meters = 4.000000;
	}
	[t:decal,n:*]
	{
		decal_orientation = 0.000000,-1.000000,0.000000,0.000000,0.000000,-1.000000,1.000000,0.000000,0.000000;
		decal_origin = -0.632026,0.999996,3.986055,0xF586DDA3;
	  f far_plane = 1.100000;
	  x guid = 0x392958F6;
	  f horizontal_meters = 4.000000;
	  f lod = 1.000000;
	  f near_plane = 0.100000;
		texture = Art\Bitmaps\Decals\b_d_for01-b.%img%;
	  f vertical_meters = 4.000000;
	}
	[t:decal,n:*]
	{
		decal_orientation = 0.000000,-1.000000,0.000000,0.000000,0.000000,-1.000000,1.000000,0.000000,0.000000;
		decal_origin = -3.722351,0.999998,-0.209489,0x27372A1A;
	  f far_plane = 1.100000;
	  x guid = 0xFA7E372F;
	  f horizontal_meters = 4.000000;
	  f lod = 1.000000;
	  f near_plane = 0.100000;
		texture = Art\Bitmaps\Decals\b_d_for01-b.%img%;
	  f vertical_meters = 4.000000;
	}
	[t:decal,n:*]
	{
		decal_orientation = 0.000000,-1.000000,0.000000,0.000000,0.000000,-1.000000,1.000000,0.000000,0.000000;
		decal_origin = -1.613151,0.999998,0.023437,0x27372A1A;
	  f far_plane = 1.100000;
	  x guid = 0x65C330CB;
	  f horizontal_meters = 4.000000;
	  f lod = 1.000000;
	  f near_plane = 0.100000;
		texture = Art\Bitmaps\Decals\b_d_for01-b.%img%;
	  f vertical_meters = 4.000000;
	}
	[t:decal,n:*]
	{
		decal_orientation = 0.000000,-1.000000,0.000000,0.000000,0.000000,-1.000000,1.000000,0.000000,0.000000;
		decal_origin = 0.282032,1.000000,0.584372,0x27372A1A;
	  f far_plane = 1.100000;
	  x guid = 0x99F7C159;
	  f horizontal_meters = 4.000000;
	  f lod = 1.000000;
	  f near_plane = 0.100000;
		texture = Art\Bitmaps\Decals\b_d_for01-b.%img%;
	  f vertical_meters = 4.000000;
	}
	[t:decal,n:*]
	{
		decal_orientation = 0.000000,-1.000000,0.000000,0.000000,0.000000,-1.000000,1.000000,0.000000,0.000000;
		decal_origin = 2.293074,1.000000,0.968032,0x27372A1A;
	  f far_plane = 1.100000;
	  x guid = 0xCA68F726;
	  f horizontal_meters = 4.000000;
	  f lod = 1.000000;
	  f near_plane = 0.100000;
		texture = Art\Bitmaps\Decals\b_d_for01-b.%img%;
	  f vertical_meters = 4.000000;
	}
	[t:decal,n:*]
	{
		decal_orientation = 0.000000,-1.000000,0.000000,0.000000,0.000000,-1.000000,1.000000,0.000000,0.000000;
		decal_origin = -1.497772,1.000000,1.025053,0xF93B63FA;
	  f far_plane = 1.100000;
	  x guid = 0x0E828791;
	  f horizontal_meters = 4.000000;
	  f lod = 1.000000;
	  f near_plane = 0.100000;
		texture = Art\Bitmaps\Decals\b_d_for01-b.%img%;
	  f vertical_meters = 4.000000;
	}
	[t:decal,n:*]
	{
		decal_orientation = 0.000000,-1.000000,0.000000,0.000000,0.000000,-1.000000,1.000000,0.000000,0.000000;
		decal_origin = 0.682056,1.000004,0.804068,0xF93B63FA;
	  f far_plane = 1.100000;
	  x guid = 0xC97BA4C2;
	  f horizontal_meters = 4.000000;
	  f lod = 1.000000;
	  f near_plane = 0.100000;
		texture = Art\Bitmaps\Decals\b_d_for01-b.%img%;
	  f vertical_meters = 4.000000;
	}
	[t:decal,n:*]
	{
		decal_orientation = 0.000000,-1.000000,0.000000,0.000000,0.000000,-1.000000,1.000000,0.000000,0.000000;
		decal_origin = 2.663141,1.000000,0.818497,0xF93B63FA;
	  f far_plane = 1.100000;
	  x guid = 0x7F7E3CB8;
	  f horizontal_meters = 4.000000;
	  f lod = 1.000000;
	  f near_plane = 0.100000;
		texture = Art\Bitmaps\Decals\b_d_for01-b.%img%;
	  f vertical_meters = 4.000000;
	}
	[t:decal,n:*]
	{
		decal_orientation = 0.000000,-1.000000,0.000000,0.000000,0.000000,-1.000000,1.000000,0.000000,0.000000;
		decal_origin = 3.921465,0.999996,0.867460,0xF93B63FA;
	  f far_plane = 1.100000;
	  x guid = 0x9DF55D33;
	  f horizontal_meters = 4.000000;
	  f lod = 1.000000;
	  f near_plane = 0.100000;
		texture = Art\Bitmaps\Decals\b_d_for01-b.%img%;
	  f vertical_meters = 4.000000;
	}
	[t:decal,n:*]
	{
		decal_orientation = -0.987594,-0.132453,-0.084349,0.000000,0.537149,-0.843488,0.157030,-0.833023,-0.530485;
		decal_origin = -8.114238,5.686917,-21.665985,0xE08BCD2A;
	  f far_plane = 1.100000;
	  x guid = 0xE3CF85BF;
	  f horizontal_meters = 4.000000;
	  f lod = 1.000000;
	  f near_plane = 0.100000;
		texture = Art\Bitmaps\Decals\b_d_for01-b.%img%;
	  f vertical_meters = 4.000000;
	}
	[t:decal,n:*]
	{
		decal_orientation = 0.553892,0.759141,0.341919,0.000000,0.410670,-0.911784,-0.832588,0.505030,0.227467;
		decal_origin = -7.514093,5.717589,-23.047707,0xE08BCD2A;
	  f far_plane = 1.100000;
	  x guid = 0x83054261;
	  f horizontal_meters = 4.000000;
	  f lod = 1.000000;
	  f near_plane = 0.100000;
		texture = Art\Bitmaps\Decals\b_d_for01-b.%img%;
	  f vertical_meters = 4.000000;
	}
	[t:decal,n:*]
	{
		decal_orientation = -0.799654,-0.508006,-0.320130,0.000000,0.533141,-0.846027,0.600461,-0.676529,-0.426328;
		decal_origin = -6.123157,5.767898,-23.182909,0xE08BCD2A;
	  f far_plane = 1.100000;
	  x guid = 0xD30B5C16;
	  f horizontal_meters = 4.000000;
	  f lod = 1.000000;
	  f near_plane = 0.100000;
		texture = Art\Bitmaps\Decals\b_d_for01-b.%img%;
	  f vertical_meters = 4.000000;
	}
	[t:decal,n:*]
	{
		decal_orientation = 0.491892,-0.745595,-0.449589,0.000000,0.516379,-0.856360,0.870656,0.421236,0.254003;
		decal_origin = -5.237062,5.494803,-24.753330,0xE08BCD2A;
	  f far_plane = 1.100000;
	  x guid = 0xA4BD82E3;
	  f horizontal_meters = 4.000000;
	  f lod = 1.000000;
	  f near_plane = 0.100000;
		texture = Art\Bitmaps\Decals\b_d_for01-b.%img%;
	  f vertical_meters = 4.000000;
	}
	[t:decal,n:*]
	{
		decal_orientation = 0.491892,-0.745595,-0.449589,0.000000,0.516379,-0.856360,0.870656,0.421236,0.254003;
		decal_origin = -4.163773,4.620799,-25.800255,0xE08BCD2A;
	  f far_plane = 1.100000;
	  x guid = 0x2738884C;
	  f horizontal_meters = 4.000000;
	  f lod = 1.000000;
	  f near_plane = 0.100000;
		texture = Art\Bitmaps\Decals\b_d_for01-b.%img%;
	  f vertical_meters = 4.000000;
	}
	[t:decal,n:*]
	{
		decal_orientation = -0.880470,-0.444770,-0.164174,0.000000,0.346284,-0.938130,0.474103,-0.825995,-0.304892;
		decal_origin = -3.805545,4.507176,-26.515148,0xE08BCD2A;
	  f far_plane = 1.100000;
	  x guid = 0x7BC7F8DD;
	  f horizontal_meters = 4.000000;
	  f lod = 1.000000;
	  f near_plane = 0.100000;
		texture = Art\Bitmaps\Decals\b_d_for01-b.%img%;
	  f vertical_meters = 4.000000;
	}
	[t:decal,n:*]
	{
		decal_orientation = -0.274719,-0.945984,-0.172173,0.000000,0.179063,-0.983838,0.961525,-0.270279,-0.049192;
		decal_origin = -2.833564,4.777112,-28.139431,0xE08BCD2A;
	  f far_plane = 1.100000;
	  x guid = 0x934A3767;
	  f horizontal_meters = 4.000000;
	  f lod = 1.000000;
	  f near_plane = 0.100000;
		texture = Art\Bitmaps\Decals\b_d_for01-b.%img%;
	  f vertical_meters = 4.000000;
	}
	[t:decal,n:*]
	{
		decal_orientation = -0.564684,-0.715296,-0.411684,0.000000,0.498825,-0.866703,0.825307,-0.489413,-0.281678;
		decal_origin = -3.905232,4.624516,-26.639690,0xE08BCD2A;
	  f far_plane = 1.100000;
	  x guid = 0xBD50A129;
	  f horizontal_meters = 4.000000;
	  f lod = 1.000000;
	  f near_plane = 0.100000;
		texture = Art\Bitmaps\Decals\b_d_for01-b.%img%;
	  f vertical_meters = 4.000000;
	}
	[t:decal,n:*]
	{
		decal_orientation = -0.880470,-0.444770,-0.164174,0.000000,0.346284,-0.938130,0.474103,-0.825995,-0.304892;
		decal_origin = -3.153332,4.739140,-27.580055,0xE08BCD2A;
	  f far_plane = 1.100000;
	  x guid = 0xA06DCF00;
	  f horizontal_meters = 4.000000;
	  f lod = 1.000000;
	  f near_plane = 0.100000;
		texture = Art\Bitmaps\Decals\b_d_for01-b.%img%;
	  f vertical_meters = 4.000000;
	}
	[t:decal,n:*]
	{
		decal_orientation = 0.000000,-0.988936,-0.148340,0.000000,0.148340,-0.988936,1.000000,0.000000,0.000000;
		decal_origin = -1.401935,4.379310,-30.348103,0xE08BCD2A;
	  f far_plane = 1.100000;
	  x guid = 0xEBF31CB8;
	  f horizontal_meters = 4.000000;
	  f lod = 1.000000;
	  f near_plane = 0.100000;
		texture = Art\Bitmaps\Decals\b_d_for01-b.%img%;
	  f vertical_meters = 4.000000;
	}
	[t:decal,n:*]
	{
		decal_orientation = -0.707106,-0.703163,-0.074582,0.000000,0.105474,-0.994422,0.707107,-0.703162,-0.074582;
		decal_origin = -0.103996,4.295394,-31.655231,0xE08BCD2A;
	  f far_plane = 1.100000;
	  x guid = 0x239E154B;
	  f horizontal_meters = 4.000000;
	  f lod = 1.000000;
	  f near_plane = 0.100000;
		texture = Art\Bitmaps\Decals\b_d_for01-b.%img%;
	  f vertical_meters = 4.000000;
	}
	[t:decal,n:*]
	{
		decal_orientation = -0.980581,0.183178,0.070052,0.000000,0.357198,-0.934029,-0.196116,-0.915891,-0.350261;
		decal_origin = 0.759772,4.712311,-32.738285,0xE08BCD2A;
	  f far_plane = 1.100000;
	  x guid = 0xF89FF333;
	  f horizontal_meters = 4.000000;
	  f lod = 1.000000;
	  f near_plane = 0.100000;
		texture = Art\Bitmaps\Decals\b_d_for01-b.%img%;
	  f vertical_meters = 4.000000;
	}
	[t:decal,n:*]
	{
		decal_orientation = -0.894427,-0.436435,-0.097590,0.000000,0.218218,-0.975900,0.447213,-0.872872,-0.195180;
		decal_origin = 1.448644,4.824785,-33.435574,0xE08BCD2A;
	  f far_plane = 1.100000;
	  x guid = 0x737B0542;
	  f horizontal_meters = 4.000000;
	  f lod = 1.000000;
	  f near_plane = 0.100000;
		texture = Art\Bitmaps\Decals\b_d_for01-b.%img%;
	  f vertical_meters = 4.000000;
	}
	[t:decal,n:*]
	{
		decal_orientation = -0.997055,-0.072920,-0.023769,0.000000,0.309912,-0.950765,0.076696,-0.947965,-0.308999;
		decal_origin = 2.432194,5.158288,-34.798386,0xE08BCD2A;
	  f far_plane = 1.100000;
	  x guid = 0x36BDE6DA;
	  f horizontal_meters = 4.000000;
	  f lod = 1.000000;
	  f near_plane = 0.100000;
		texture = Art\Bitmaps\Decals\b_d_for01-b.%img%;
	  f vertical_meters = 4.000000;
	}
	[t:decal,n:*]
	{
		decal_orientation = -0.955779,-0.278429,-0.094676,0.000000,0.321934,-0.946762,0.294086,-0.904895,-0.307698;
		decal_origin = 1.426303,5.239208,-34.823906,0xE08BCD2A;
	  f far_plane = 1.100000;
	  x guid = 0xE73A1D98;
	  f horizontal_meters = 4.000000;
	  f lod = 1.000000;
	  f near_plane = 0.100000;
		texture = Art\Bitmaps\Decals\b_d_for01-b.%img%;
	  f vertical_meters = 4.000000;
	}
	[t:decal,n:*]
	{
		decal_orientation = -0.294086,-0.904895,-0.307698,0.000000,0.321934,-0.946762,0.955779,-0.278429,-0.094676;
		decal_origin = 2.697693,5.361965,-36.246479,0xE08BCD2A;
	  f far_plane = 1.100000;
	  x guid = 0xC7D93F31;
	  f horizontal_meters = 4.000000;
	  f lod = 1.000000;
	  f near_plane = 0.100000;
		texture = Art\Bitmaps\Decals\b_d_for01-b.%img%;
	  f vertical_meters = 4.000000;
	}
	[t:decal,n:*]
	{
		decal_orientation = -0.425797,-0.818975,-0.384678,0.000000,0.425144,-0.905126,0.904819,-0.385400,-0.181025;
		decal_origin = 3.528083,5.293511,-37.651505,0xE08BCD2A;
	  f far_plane = 1.100000;
	  x guid = 0x065A40AE;
	  f horizontal_meters = 4.000000;
	  f lod = 1.000000;
	  f near_plane = 0.100000;
		texture = Art\Bitmaps\Decals\b_d_for01-b.%img%;
	  f vertical_meters = 4.000000;
	}
	[t:decal,n:*]
	{
		decal_orientation = 0.132164,-0.927100,-0.350739,0.000000,0.353843,-0.935305,0.991228,0.123613,0.046765;
		decal_origin = 4.118341,5.015982,-39.332806,0xE08BCD2A;
	  f far_plane = 1.100000;
	  x guid = 0x12EAD56E;
	  f horizontal_meters = 4.000000;
	  f lod = 1.000000;
	  f near_plane = 0.100000;
		texture = Art\Bitmaps\Decals\b_d_for01-b.%img%;
	  f vertical_meters = 4.000000;
	}
	[t:decal,n:*]
	{
		decal_orientation = -0.901302,-0.327520,-0.283524,0.000000,0.654499,-0.756063,0.433192,-0.681441,-0.589901;
		decal_origin = 3.885666,5.227636,-39.877331,0xE08BCD2A;
	  f far_plane = 1.100000;
	  x guid = 0xF1768B44;
	  f horizontal_meters = 4.000000;
	  f lod = 1.000000;
	  f near_plane = 0.100000;
		texture = Art\Bitmaps\Decals\b_d_for01-b.%img%;
	  f vertical_meters = 4.000000;
	}
	[t:decal,n:*]
	{
		decal_orientation = -0.614697,0.488130,0.619578,0.000000,0.785505,-0.618855,-0.788763,-0.380408,-0.482848;
		decal_origin = 3.453587,5.647187,-40.795269,0xE08BCD2A;
	  f far_plane = 1.100000;
	  x guid = 0x1541F700;
	  f horizontal_meters = 4.000000;
	  f lod = 1.000000;
	  f near_plane = 0.100000;
		texture = Art\Bitmaps\Decals\b_d_for01-b.%img%;
	  f vertical_meters = 4.000000;
	}
	[t:decal,n:*]
	{
		decal_orientation = -0.901302,-0.327520,-0.283524,0.000000,0.654499,-0.756063,0.433192,-0.681441,-0.589901;
		decal_origin = 3.537399,5.938356,-40.620865,0xE08BCD2A;
	  f far_plane = 1.100000;
	  x guid = 0xC5DD0C10;
	  f horizontal_meters = 4.000000;
	  f lod = 1.000000;
	  f near_plane = 0.100000;
		texture = Art\Bitmaps\Decals\b_d_for01-b.%img%;
	  f vertical_meters = 4.000000;
	}
	[t:decal,n:*]
	{
		decal_orientation = 0.288758,0.818774,0.496213,0.000000,0.518291,-0.855204,-0.957402,0.246947,0.149661;
		decal_origin = 2.610651,5.924872,-41.752022,0xE08BCD2A;
	  f far_plane = 1.100000;
	  x guid = 0x661A53A9;
	  f horizontal_meters = 4.000000;
	  f lod = 1.000000;
	  f near_plane = 0.100000;
		texture = Art\Bitmaps\Decals\b_d_for01-b.%img%;
	  f vertical_meters = 4.000000;
	}
	[t:decal,n:*]
	{
		decal_orientation = -0.609141,0.761609,0.221133,0.000000,0.278834,-0.960339,-0.793062,-0.584982,-0.169849;
		decal_origin = 3.462730,6.527177,-42.516205,0xE08BCD2A;
	  f far_plane = 1.100000;
	  x guid = 0x12955B0E;
	  f horizontal_meters = 4.000000;
	  f lod = 1.000000;
	  f near_plane = 0.100000;
		texture = Art\Bitmaps\Decals\b_d_for01-b.%img%;
	  f vertical_meters = 4.000000;
	}
	[t:decal,n:*]
	{
		decal_orientation = -0.672216,0.582721,0.456687,0.000000,0.616848,-0.787082,-0.740355,-0.529089,-0.414655;
		decal_origin = 2.460718,6.063869,-42.319233,0xE08BCD2A;
	  f far_plane = 1.100000;
	  x guid = 0x353DCF4D;
	  f horizontal_meters = 4.000000;
	  f lod = 1.000000;
	  f near_plane = 0.100000;
		texture = Art\Bitmaps\Decals\b_d_for01-b.%img%;
	  f vertical_meters = 4.000000;
	}
	[t:decal,n:*]
	{
		decal_orientation = -0.908693,0.345905,0.233724,0.000000,0.559865,-0.828584,-0.417466,-0.752928,-0.508745;
		decal_origin = 3.887951,7.253026,-44.335072,0xE08BCD2A;
	  f far_plane = 1.100000;
	  x guid = 0x1B6FA789;
	  f horizontal_meters = 4.000000;
	  f lod = 1.000000;
	  f near_plane = 0.100000;
		texture = Art\Bitmaps\Decals\b_d_for01-b.%img%;
	  f vertical_meters = 4.000000;
	}
	[t:decal,n:*]
	{
		decal_orientation = -0.936320,0.293643,0.192557,0.000000,0.548365,-0.836239,-0.351147,-0.782988,-0.513445;
		decal_origin = 3.130549,6.666604,-43.672569,0xE08BCD2A;
	  f far_plane = 1.100000;
	  x guid = 0xE1A71A7C;
	  f horizontal_meters = 4.000000;
	  f lod = 1.000000;
	  f near_plane = 0.100000;
		texture = Art\Bitmaps\Decals\b_d_for01-b.%img%;
	  f vertical_meters = 4.000000;
	}
	[t:decal,n:*]
	{
		decal_orientation = -1.000000,0.000032,0.000011,0.000000,0.315027,-0.949083,-0.000034,-0.949083,-0.315027;
		decal_origin = 4.761241,7.947656,-45.379368,0xE08BCD2A;
	  f far_plane = 1.100000;
	  x guid = 0x059A87D0;
	  f horizontal_meters = 4.000000;
	  f lod = 1.000000;
	  f near_plane = 0.100000;
		texture = Art\Bitmaps\Decals\b_d_for01-b.%img%;
	  f vertical_meters = 4.000000;
	}
	[t:decal,n:*]
	{
		decal_orientation = 1.000000,0.000017,0.000010,0.000000,0.500046,-0.865999,-0.000019,0.865999,0.500046;
		decal_origin = 5.353503,7.739271,-46.892742,0xE08BCD2A;
	  f far_plane = 1.100000;
	  x guid = 0x071B5D7D;
	  f horizontal_meters = 4.000000;
	  f lod = 1.000000;
	  f near_plane = 0.100000;
		texture = Art\Bitmaps\Decals\b_d_for01-b.%img%;
	  f vertical_meters = 4.000000;
	}
	[t:decal,n:*]
	{
		decal_orientation = 1.000000,0.000017,0.000010,0.000000,0.500046,-0.865999,-0.000019,0.865999,0.500046;
		decal_origin = 5.713818,7.342893,-47.579205,0xE08BCD2A;
	  f far_plane = 1.100000;
	  x guid = 0xD883427D;
	  f horizontal_meters = 4.000000;
	  f lod = 1.000000;
	  f near_plane = 0.100000;
		texture = Art\Bitmaps\Decals\b_d_for01-b.%img%;
	  f vertical_meters = 4.000000;
	}
	[t:decal,n:*]
	{
		decal_orientation = 0.850476,-0.435189,-0.295467,0.000000,0.561710,-0.827334,0.526013,0.703628,0.477721;
		decal_origin = 6.599104,7.299186,-47.377815,0xE08BCD2A;
	  f far_plane = 1.100000;
	  x guid = 0xFED34D2B;
	  f horizontal_meters = 4.000000;
	  f lod = 1.000000;
	  f near_plane = 0.100000;
		texture = Art\Bitmaps\Decals\b_d_for01-b.%img%;
	  f vertical_meters = 4.000000;
	}
	[t:decal,n:*]
	{
		decal_orientation = -0.680788,-0.658393,-0.321009,0.000000,0.438249,-0.898854,0.732481,-0.611929,-0.298354;
		decal_origin = 6.561535,7.877774,-45.595581,0xE08BCD2A;
	  f far_plane = 1.100000;
	  x guid = 0x26F3409A;
	  f horizontal_meters = 4.000000;
	  f lod = 1.000000;
	  f near_plane = 0.100000;
		texture = Art\Bitmaps\Decals\b_d_for01-b.%img%;
	  f vertical_meters = 4.000000;
	}
	[t:decal,n:*]
	{
		decal_orientation = 0.961524,0.274721,0.000005,0.000000,0.000019,-1.000000,-0.274721,0.961524,0.000018;
		decal_origin = 7.043440,6.945183,-48.543213,0xE08BCD2A;
	  f far_plane = 1.100000;
	  x guid = 0xE486DD47;
	  f horizontal_meters = 4.000000;
	  f lod = 1.000000;
	  f near_plane = 0.100000;
		texture = Art\Bitmaps\Decals\b_d_for01-b.%img%;
	  f vertical_meters = 4.000000;
	}
	[t:decal,n:*]
	{
		decal_orientation = 0.000218,0.996481,0.083818,0.000000,0.083818,-0.996481,-1.000000,0.000217,0.000018;
		decal_origin = 8.064910,6.954161,-49.378559,0xE08BCD2A;
	  f far_plane = 1.100000;
	  x guid = 0x755B73A3;
	  f horizontal_meters = 4.000000;
	  f lod = 1.000000;
	  f near_plane = 0.100000;
		texture = Art\Bitmaps\Decals\b_d_for01-b.%img%;
	  f vertical_meters = 4.000000;
	}
	[t:decal,n:*]
	{
		decal_orientation = 1.000000,-0.000054,-0.000009,0.000000,0.170055,-0.985435,0.000055,0.985435,0.170055;
		decal_origin = 9.333597,6.768912,-51.106884,0xE08BCD2A;
	  f far_plane = 1.100000;
	  x guid = 0xBA1DE66E;
	  f horizontal_meters = 4.000000;
	  f lod = 1.000000;
	  f near_plane = 0.100000;
		texture = Art\Bitmaps\Decals\b_d_for01-b.%img%;
	  f vertical_meters = 4.000000;
	}
	[t:decal,n:*]
	{
		decal_orientation = 0.577236,-0.816577,-0.000014,0.000000,0.000017,-1.000000,0.816577,0.577236,0.000010;
		decal_origin = 10.076576,6.599991,-53.301109,0xE08BCD2A;
	  f far_plane = 1.100000;
	  x guid = 0x997204D8;
	  f horizontal_meters = 4.000000;
	  f lod = 1.000000;
	  f near_plane = 0.100000;
		texture = Art\Bitmaps\Decals\b_d_for01-b.%img%;
	  f vertical_meters = 4.000000;
	}
	[t:decal,n:*]
	{
		decal_orientation = 0.461676,0.822995,0.330960,0.000000,0.373102,-0.927790,-0.887048,0.428339,0.172253;
		decal_origin = -6.841581,6.379526,-24.361650,0xE08BCD2A;
	  f far_plane = 1.100000;
	  x guid = 0x26CF130D;
	  f horizontal_meters = 4.000000;
	  f lod = 1.000000;
	  f near_plane = 0.100000;
		texture = Art\Bitmaps\Decals\b_d_for01-b.%img%;
	  f vertical_meters = 4.000000;
	}
	[t:decal,n:*]
	{
		decal_orientation = 0.461676,0.822995,0.330960,0.000000,0.373102,-0.927790,-0.887048,0.428339,0.172253;
		decal_origin = -7.409894,6.585997,-24.275896,0xE08BCD2A;
	  f far_plane = 1.100000;
	  x guid = 0xFE3750EE;
	  f horizontal_meters = 4.000000;
	  f lod = 1.000000;
	  f near_plane = 0.100000;
		texture = Art\Bitmaps\Decals\b_d_for01-b.%img%;
	  f vertical_meters = 4.000000;
	}
	[t:decal,n:*]
	{
		decal_orientation = 0.461676,0.822995,0.330960,0.000000,0.373102,-0.927790,-0.887048,0.428339,0.172253;
		decal_origin = -6.407865,6.193950,-24.147020,0xE08BCD2A;
	  f far_plane = 1.100000;
	  x guid = 0x44B69BC8;
	  f horizontal_meters = 4.000000;
	  f lod = 1.000000;
	  f near_plane = 0.100000;
		texture = Art\Bitmaps\Decals\b_d_for01-b.%img%;
	  f vertical_meters = 4.000000;
	}
	[t:decal,n:*]
	{
