[decals]
{
	[t:decal,n:*]
	{
		decal_orientation = -0.707107,-0.707107,0.000000,0.000000,-0.000000,-1.000000,0.707107,-0.707107,0.000000;
		decal_origin = 1.282097,1.000000,-2.283737,0x5F7CFA5C;
	  f far_plane = 1.100000;
	  x guid = 0x47DE21A0;
	  f horizontal_meters = 6.000000;
	  f lod = 1.000000;
	  f near_plane = 0.100000;
		texture = art\bitmaps\decals\b_d_jng01-a.raw;
	  f vertical_meters = 6.000000;
	}
	[t:decal,n:*]
	{
		decal_orientation = 0.000000,-1.000000,0.000000,0.000000,0.000000,-1.000000,1.000000,0.000000,0.000000;
		decal_origin = 3.243378,1.000000,3.912667,0xDA886C8D;
	  f far_plane = 1.100000;
	  x guid = 0xE2B030DF;
	  f horizontal_meters = 6.000000;
	  f lod = 1.000000;
	  f near_plane = 0.100000;
		texture = art\bitmaps\decals\b_d_jng01-a.raw;
	  f vertical_meters = 6.000000;
	}
	[t:decal,n:*]
	{
		decal_orientation = 0.000000,-1.000000,0.000000,0.000000,0.000000,-1.000000,1.000000,0.000000,0.000000;
		decal_origin = 2.842373,1.000000,0.190903,0xDA886C8D;
	  f far_plane = 1.100000;
	  x guid = 0x80639A4B;
	  f horizontal_meters = 6.000000;
	  f lod = 1.000000;
	  f near_plane = 0.100000;
		texture = art\bitmaps\decals\b_d_jng01-a.raw;
	  f vertical_meters = 6.000000;
	}
	[t:decal,n:*]
	{
		decal_orientation = 0.000000,-1.000000,0.000000,0.000000,0.000000,-1.000000,1.000000,0.000000,0.000000;
		decal_origin = 2.536064,1.000000,1.056454,0x5F7CFA5C;
	  f far_plane = 1.100000;
	  x guid = 0xEF2F0B17;
	  f horizontal_meters = 6.000000;
	  f lod = 1.000000;
	  f near_plane = 0.100000;
		texture = art\bitmaps\decals\b_d_jng01-a.raw;
	  f vertical_meters = 6.000000;
	}
	[t:decal,n:*]
	{
		decal_orientation = 0.000000,-1.000000,0.000000,0.000000,0.000000,-1.000000,1.000000,0.000000,0.000000;
		decal_origin = -0.846666,1.000000,0.685145,0x5F7CFA5C;
	  f far_plane = 1.100000;
	  x guid = 0x8345FAB7;
	  f horizontal_meters = 6.000000;
	  f lod = 1.000000;
	  f near_plane = 0.100000;
		texture = art\bitmaps\decals\b_d_jng01-a.raw;
	  f vertical_meters = 6.000000;
	}
	[t:decal,n:*]
	{
		decal_orientation = 0.000000,-1.000000,0.000000,0.000000,0.000000,-1.000000,1.000000,0.000000,0.000000;
		decal_origin = -1.878264,1.000000,-1.800888,0x5F7CFA5C;
	  f far_plane = 1.100000;
	  x guid = 0x40A175B0;
	  f horizontal_meters = 6.000000;
	  f lod = 1.000000;
	  f near_plane = 0.100000;
		texture = art\bitmaps\decals\b_d_jng01-a.raw;
	  f vertical_meters = 6.000000;
	}
	[t:decal,n:*]
	{
		decal_orientation = 0.000000,-1.000000,0.000000,0.000000,0.000000,-1.000000,1.000000,0.000000,0.000000;
		decal_origin = -3.296760,1.000000,-1.196893,0x29EC2BA8;
	  f far_plane = 1.100000;
	  x guid = 0x88ACB718;
	  f horizontal_meters = 6.000000;
	  f lod = 1.000000;
	  f near_plane = 0.100000;
		texture = art\bitmaps\decals\b_d_jng01-a.raw;
	  f vertical_meters = 6.000000;
	}
	[t:decal,n:*]
	{
		decal_orientation = 0.000000,-1.000000,0.000000,0.000000,0.000000,-1.000000,1.000000,0.000000,0.000000;
		decal_origin = -1.974409,1.000000,2.139669,0x29EC2BA8;
	  f far_plane = 1.100000;
	  x guid = 0xE38242E9;
	  f horizontal_meters = 6.000000;
	  f lod = 1.000000;
	  f near_plane = 0.100000;
		texture = art\bitmaps\decals\b_d_jng01-a.raw;
	  f vertical_meters = 6.000000;
	}
	[t:decal,n:*]
	{
		decal_orientation = 0.000000,-1.000000,0.000000,0.000000,0.000000,-1.000000,1.000000,0.000000,0.000000;
		decal_origin = 3.403757,1.000000,0.600026,0xCA36A4B0;
	  f far_plane = 1.100000;
	  x guid = 0xF05CE2F8;
	  f horizontal_meters = 6.000000;
	  f lod = 1.000000;
	  f near_plane = 0.100000;
		texture = art\bitmaps\decals\b_d_jng01-a.raw;
	  f vertical_meters = 6.000000;
	}
	[t:decal,n:*]
	{
		decal_orientation = 0.000000,-1.000000,0.000000,0.000000,0.000000,-1.000000,1.000000,0.000000,0.000000;
		decal_origin = 1.245987,0.999998,-0.877862,0xCA36A4B0;
	  f far_plane = 1.100000;
	  x guid = 0x25D0692B;
	  f horizontal_meters = 6.000000;
	  f lod = 1.000000;
	  f near_plane = 0.100000;
		texture = art\bitmaps\decals\b_d_jng01-a.raw;
	  f vertical_meters = 6.000000;
	}
	[t:decal,n:*]
	{
		decal_orientation = 0.000000,-1.000000,0.000000,0.000000,0.000000,-1.000000,1.000000,0.000000,0.000000;
		decal_origin = -0.507332,1.000000,-3.058372,0xCA36A4B0;
	  f far_plane = 1.100000;
	  x guid = 0x02FC2DAA;
	  f horizontal_meters = 6.000000;
	  f lod = 1.000000;
	  f near_plane = 0.100000;
		texture = art\bitmaps\decals\b_d_jng01-a.raw;
	  f vertical_meters = 6.000000;
	}
	[t:decal,n:*]
	{
		decal_orientation = 0.000000,-1.000000,0.000000,0.000000,0.000000,-1.000000,1.000000,0.000000,0.000000;
		decal_origin = -2.140444,1.000000,-1.610067,0xCA36A4B0;
	  f far_plane = 1.100000;
	  x guid = 0xD5AB0BE9;
	  f horizontal_meters = 6.000000;
	  f lod = 1.000000;
	  f near_plane = 0.100000;
		texture = art\bitmaps\decals\b_d_jng01-a.raw;
	  f vertical_meters = 6.000000;
	}
	[t:decal,n:*]
	{
		decal_orientation = 0.000000,-1.000000,0.000000,0.000000,0.000000,-1.000000,1.000000,0.000000,0.000000;
		decal_origin = -3.742691,1.000000,0.985903,0xCA36A4B0;
	  f far_plane = 1.100000;
	  x guid = 0x11B4ABBF;
	  f horizontal_meters = 6.000000;
	  f lod = 1.000000;
	  f near_plane = 0.100000;
		texture = art\bitmaps\decals\b_d_jng01-a.raw;
	  f vertical_meters = 6.000000;
	}
	[t:decal,n:*]
	{
		decal_orientation = 0.000000,-1.000000,0.000000,0.000000,0.000000,-1.000000,1.000000,0.000000,0.000000;
		decal_origin = -0.771716,1.000000,-1.693819,0xE6A41DCC;
	  f far_plane = 1.100000;
	  x guid = 0xD12FF272;
	  f horizontal_meters = 6.000000;
	  f lod = 1.000000;
	  f near_plane = 0.100000;
		texture = art\bitmaps\decals\b_d_jng01-a.raw;
	  f vertical_meters = 6.000000;
	}
	[t:decal,n:*]
	{
		decal_orientation = 0.000000,-1.000000,0.000000,0.000000,0.000000,-1.000000,1.000000,0.000000,0.000000;
		decal_origin = 0.474098,1.000000,0.717606,0xE6A41DCC;
	  f far_plane = 1.100000;
	  x guid = 0x85B3CD54;
	  f horizontal_meters = 6.000000;
	  f lod = 1.000000;
	  f near_plane = 0.100000;
		texture = art\bitmaps\decals\b_d_jng01-a.raw;
	  f vertical_meters = 6.000000;
	}
	[t:decal,n:*]
	{
		decal_orientation = 0.000000,-1.000000,0.000000,0.000000,0.000000,-1.000000,1.000000,0.000000,0.000000;
		decal_origin = 1.945601,1.000002,-0.684208,0xE6A41DCC;
	  f far_plane = 1.100000;
	  x guid = 0x91E51A56;
	  f horizontal_meters = 6.000000;
	  f lod = 1.000000;
	  f near_plane = 0.100000;
		texture = art\bitmaps\decals\b_d_jng01-a.raw;
	  f vertical_meters = 6.000000;
	}
	[t:decal,n:*]
	{
		decal_orientation = 0.000000,-1.000000,0.000000,0.000000,0.000000,-1.000000,1.000000,0.000000,0.000000;
		decal_origin = -3.739933,1.000000,1.583082,0x5F7CFA5C;
	  f far_plane = 1.100000;
	  x guid = 0xDC7059B9;
	  f horizontal_meters = 6.000000;
	  f lod = 1.000000;
	  f near_plane = 0.100000;
		texture = art\bitmaps\decals\b_d_jng01-a.raw;
	  f vertical_meters = 6.000000;
	}
	[t:decal,n:*]
	{
		decal_orientation = 0.000000,-1.000000,0.000000,0.000000,0.000000,-1.000000,1.000000,0.000000,0.000000;
		decal_origin = 2.115023,1.000000,2.422104,0xE45356E6;
	  f far_plane = 1.100000;
	  x guid = 0x64FD91EF;
	  f horizontal_meters = 6.000000;
	  f lod = 1.000000;
	  f near_plane = 0.100000;
		texture = art\bitmaps\decals\b_d_jng01-a.raw;
	  f vertical_meters = 6.000000;
	}
	[t:decal,n:*]
	{
		decal_orientation = 0.000000,-1.000000,0.000000,0.000000,0.000000,-1.000000,1.000000,0.000000,0.000000;
		decal_origin = 0.588041,0.999998,3.937215,0x5F7CFA5C;
	  f far_plane = 1.100000;
	  x guid = 0x9318A28F;
	  f horizontal_meters = 6.000000;
	  f lod = 1.000000;
	  f near_plane = 0.100000;
		texture = art\bitmaps\decals\b_d_jng01-a.raw;
	  f vertical_meters = 6.000000;
	}
	[t:decal,n:*]
	{
		decal_orientation = 0.000000,-1.000000,0.000000,0.000000,0.000000,-1.000000,1.000000,0.000000,0.000000;
		decal_origin = -2.086670,1.000000,3.968212,0x5F7CFA5C;
	  f far_plane = 1.100000;
	  x guid = 0x25C27E61;
	  f horizontal_meters = 6.000000;
	  f lod = 1.000000;
	  f near_plane = 0.100000;
		texture = art\bitmaps\decals\b_d_jng01-a.raw;
	  f vertical_meters = 6.000000;
	}
	[t:decal,n:*]
	{
		decal_orientation = 0.000000,-1.000000,0.000000,0.000000,0.000000,-1.000000,1.000000,0.000000,0.000000;
		decal_origin = -1.198373,1.000000,2.882597,0xE45356E6;
	  f far_plane = 1.100000;
	  x guid = 0x8FE0135F;
	  f horizontal_meters = 6.000000;
	  f lod = 1.000000;
	  f near_plane = 0.100000;
		texture = art\bitmaps\decals\b_d_jng01-a.raw;
	  f vertical_meters = 6.000000;
	}
	[t:decal,n:*]
	{
		decal_orientation = 0.000000,-1.000000,0.000000,0.000000,0.000000,-1.000000,1.000000,0.000000,0.000000;
		decal_origin = 0.401255,1.000000,-0.533758,0xE45356E6;
	  f far_plane = 1.100000;
	  x guid = 0xE8320D3D;
	  f horizontal_meters = 6.000000;
	  f lod = 1.000000;
	  f near_plane = 0.100000;
		texture = art\bitmaps\decals\b_d_jng01-a.raw;
	  f vertical_meters = 6.000000;
	}
	[t:decal,n:*]
	{
		decal_orientation = 0.000000,-1.000000,0.000000,0.000000,0.000000,-1.000000,1.000000,0.000000,0.000000;
		decal_origin = 2.748738,1.000000,-3.113706,0xE45356E6;
	  f far_plane = 1.100000;
	  x guid = 0x08E0A36C;
	  f horizontal_meters = 6.000000;
	  f lod = 1.000000;
	  f near_plane = 0.100000;
		texture = art\bitmaps\decals\b_d_jng01-a.raw;
	  f vertical_meters = 6.000000;
	}
	[t:decal,n:*]
	{
		decal_orientation = 0.000000,-1.000000,0.000000,0.000000,0.000000,-1.000000,1.000000,0.000000,0.000000;
		decal_origin = 3.071304,1.000000,-0.569153,0xE45356E6;
	  f far_plane = 1.100000;
	  x guid = 0x0E064704;
	  f horizontal_meters = 6.000000;
	  f lod = 1.000000;
	  f near_plane = 0.100000;
		texture = art\bitmaps\decals\b_d_jng01-a.raw;
	  f vertical_meters = 6.000000;
	}
	[t:decal,n:*]
	{
		decal_orientation = 0.000000,-1.000000,0.000000,0.000000,0.000000,-1.000000,1.000000,0.000000,0.000000;
		decal_origin = -2.711944,1.000000,1.732134,0xA53EDF6D;
	  f far_plane = 1.100000;
	  x guid = 0x03B4CEA6;
	  f horizontal_meters = 6.000000;
	  f lod = 1.000000;
	  f near_plane = 0.100000;
		texture = art\bitmaps\decals\b_d_jng01-a.raw;
	  f vertical_meters = 6.000000;
	}
	[t:decal,n:*]
	{
		decal_orientation = 0.000000,-1.000000,0.000000,0.000000,0.000000,-1.000000,1.000000,0.000000,0.000000;
		decal_origin = -2.880860,1.000001,-1.727456,0xA53EDF6D;
	  f far_plane = 1.100000;
	  x guid = 0x8C4E1FA8;
	  f horizontal_meters = 6.000000;
	  f lod = 1.000000;
	  f near_plane = 0.100000;
		texture = art\bitmaps\decals\b_d_jng01-a.raw;
	  f vertical_meters = 6.000000;
	}
	[t:decal,n:*]
	{
		decal_orientation = 0.000000,-1.000000,0.000000,0.000000,0.000000,-1.000000,1.000000,0.000000,0.000000;
		decal_origin = 0.408346,0.999999,3.072816,0xA53EDF6D;
	  f far_plane = 1.100000;
	  x guid = 0x389081D7;
	  f horizontal_meters = 6.000000;
	  f lod = 1.000000;
	  f near_plane = 0.100000;
		texture = art\bitmaps\decals\b_d_jng01-a.raw;
	  f vertical_meters = 6.000000;
	}
	[t:decal,n:*]
	{
		decal_orientation = 0.000000,-1.000000,0.000000,0.000000,0.000000,-1.000000,1.000000,0.000000,0.000000;
		decal_origin = -0.912807,1.000000,0.877804,0xA53EDF6D;
	  f far_plane = 1.100000;
	  x guid = 0x8FD09948;
	  f horizontal_meters = 6.000000;
	  f lod = 1.000000;
	  f near_plane = 0.100000;
		texture = art\bitmaps\decals\b_d_jng01-a.raw;
	  f vertical_meters = 6.000000;
	}
	[t:decal,n:*]
	{
		decal_orientation = 0.000000,-1.000000,0.000000,0.000000,0.000000,-1.000000,1.000000,0.000000,0.000000;
		decal_origin = 2.664233,1.000000,3.621748,0xA53EDF6D;
	  f far_plane = 1.100000;
	  x guid = 0x9C5C2AE0;
	  f horizontal_meters = 6.000000;
	  f lod = 1.000000;
	  f near_plane = 0.100000;
		texture = art\bitmaps\decals\b_d_jng01-a.raw;
	  f vertical_meters = 6.000000;
	}
	[t:decal,n:*]
	{
		decal_orientation = 0.000000,-1.000000,0.000000,0.000000,0.000000,-1.000000,1.000000,0.000000,0.000000;
		decal_origin = -3.139236,0.999999,3.239952,0xA53EDF6D;
	  f far_plane = 1.100000;
	  x guid = 0xF18A62E5;
	  f horizontal_meters = 6.000000;
	  f lod = 1.000000;
	  f near_plane = 0.100000;
		texture = art\bitmaps\decals\b_d_jng01-a.raw;
	  f vertical_meters = 6.000000;
	}
	[t:decal,n:*]
	{
		decal_orientation = 0.000000,-1.000000,0.000000,0.000000,0.000000,-1.000000,1.000000,0.000000,0.000000;
		decal_origin = 1.195457,1.000001,-2.657402,0x8EEAA782;
	  f far_plane = 1.100000;
	  x guid = 0x9BBB16EB;
	  f horizontal_meters = 6.000000;
	  f lod = 1.000000;
	  f near_plane = 0.100000;
		texture = art\bitmaps\decals\b_d_jng01-a.raw;
	  f vertical_meters = 6.000000;
	}
	[t:decal,n:*]
	{
		decal_orientation = 0.000000,-1.000000,0.000000,0.000000,0.000000,-1.000000,1.000000,0.000000,0.000000;
		decal_origin = 2.281776,1.000000,0.896019,0xE4F6DF59;
	  f far_plane = 1.100000;
	  x guid = 0x4A78429C;
	  f horizontal_meters = 6.000000;
	  f lod = 1.000000;
	  f near_plane = 0.100000;
		texture = art\bitmaps\decals\b_d_jng01-a.raw;
	  f vertical_meters = 6.000000;
	}
	[t:decal,n:*]
	{
		decal_orientation = 0.000000,-1.000000,0.000000,0.000000,0.000000,-1.000000,1.000000,0.000000,0.000000;
		decal_origin = -0.659019,1.000000,0.794838,0xE4F6DF59;
	  f far_plane = 1.100000;
	  x guid = 0x71AC1BF7;
	  f horizontal_meters = 6.000000;
	  f lod = 1.000000;
	  f near_plane = 0.100000;
		texture = art\bitmaps\decals\b_d_jng01-a.raw;
	  f vertical_meters = 6.000000;
	}
	[t:decal,n:*]
	{
		decal_orientation = 0.000000,-1.000000,0.000000,0.000000,0.000000,-1.000000,1.000000,0.000000,0.000000;
		decal_origin = -0.549126,1.000000,3.127640,0xE4F6DF59;
	  f far_plane = 1.100000;
	  x guid = 0x762C7F4C;
	  f horizontal_meters = 6.000000;
	  f lod = 1.000000;
	  f near_plane = 0.100000;
		texture = art\bitmaps\decals\b_d_jng01-a.raw;
	  f vertical_meters = 6.000000;
	}
	[t:decal,n:*]
	{
		decal_orientation = 0.000000,-1.000000,0.000000,0.000000,0.000000,-1.000000,1.000000,0.000000,0.000000;
		decal_origin = -1.818253,1.000000,-0.127884,0x8EEAA782;
	  f far_plane = 1.100000;
	  x guid = 0x9B08C8D3;
	  f horizontal_meters = 6.000000;
	  f lod = 1.000000;
	  f near_plane = 0.100000;
		texture = art\bitmaps\decals\b_d_jng01-a.raw;
	  f vertical_meters = 6.000000;
	}
	[t:decal,n:*]
	{
		decal_orientation = 0.000000,-1.000000,0.000000,0.000000,0.000000,-1.000000,1.000000,0.000000,0.000000;
		decal_origin = -0.044708,-11.000001,-5.904541,0x283EA90F;
	  f far_plane = 1.100000;
	  x guid = 0xC0163C8D;
	  f horizontal_meters = 6.000000;
	  f lod = 1.000000;
	  f near_plane = 0.100000;
		texture = art\bitmaps\decals\b_d_jng01-a.raw;
	  f vertical_meters = 6.000000;
	}
	[t:decal,n:*]
	{
		decal_orientation = 0.000000,-1.000000,0.000000,0.000000,0.000000,-1.000000,1.000000,0.000000,0.000000;
		decal_origin = 2.514656,1.000000,0.925354,0x29EC2BA8;
	  f far_plane = 1.100000;
	  x guid = 0xF4CFEFCC;
	  f horizontal_meters = 6.000000;
	  f lod = 1.000000;
	  f near_plane = 0.100000;
		texture = art\bitmaps\decals\b_d_jng01-a.raw;
	  f vertical_meters = 6.000000;
	}
	[t:decal,n:*]
	{
		decal_orientation = 0.000000,-1.000000,0.000000,0.000000,0.000000,-1.000000,1.000000,0.000000,0.000000;
		decal_origin = -0.725647,1.000001,0.373779,0xDA886C8D;
	  f far_plane = 1.100000;
	  x guid = 0x113EDE49;
	  f horizontal_meters = 6.000000;
	  f lod = 1.000000;
	  f near_plane = 0.100000;
		texture = art\bitmaps\decals\b_d_jng01-a.raw;
	  f vertical_meters = 6.000000;
	}
	[t:decal,n:*]
	{
		decal_orientation = 0.000000,-1.000000,0.000000,0.000000,0.000000,-1.000000,1.000000,0.000000,0.000000;
		decal_origin = -3.882660,1.000001,-0.581619,0xDA886C8D;
	  f far_plane = 1.100000;
	  x guid = 0xAFB96166;
	  f horizontal_meters = 6.000000;
	  f lod = 1.000000;
	  f near_plane = 0.100000;
		texture = art\bitmaps\decals\b_d_jng01-a.raw;
	  f vertical_meters = 6.000000;
	}
	[t:decal,n:*]
	{
		decal_orientation = 0.000000,-1.000000,0.000000,0.000000,0.000000,-1.000000,1.000000,0.000000,0.000000;
		decal_origin = -3.799263,0.999999,3.084549,0xE45356E6;
	  f far_plane = 1.100000;
	  x guid = 0xB1A4877A;
	  f horizontal_meters = 6.000000;
	  f lod = 1.000000;
	  f near_plane = 0.100000;
		texture = art\bitmaps\decals\b_d_jng01-a.raw;
	  f vertical_meters = 6.000000;
	}
	[t:decal,n:*]
	{
		decal_orientation = 0.000000,-1.000000,0.000000,0.000000,0.000000,-1.000000,1.000000,0.000000,0.000000;
		decal_origin = 2.038959,1.000000,0.021790,0x60BF3A3A;
	  f far_plane = 1.100000;
	  x guid = 0x2D9128D7;
	  f horizontal_meters = 6.000000;
	  f lod = 1.000000;
	  f near_plane = 0.100000;
		texture = art\bitmaps\decals\b_d_jng01-a.raw;
	  f vertical_meters = 6.000000;
	}
	[t:decal,n:*]
	{
		decal_orientation = 0.000000,-1.000000,0.000000,0.000000,0.000000,-1.000000,1.000000,0.000000,0.000000;
		decal_origin = -0.449427,1.000000,-0.323215,0xBB4F6627;
	  f far_plane = 1.100000;
	  x guid = 0x2627AAA2;
	  f horizontal_meters = 6.000000;
	  f lod = 1.000000;
	  f near_plane = 0.100000;
		texture = art\bitmaps\decals\b_d_jng01-a.raw;
	  f vertical_meters = 6.000000;
	}
	[t:decal,n:*]
	{
		decal_orientation = 0.000000,-1.000000,0.000000,0.000000,0.000000,-1.000000,1.000000,0.000000,0.000000;
		decal_origin = -1.057018,1.000000,1.707080,0xBB4F6627;
	  f far_plane = 1.100000;
	  x guid = 0xAE4CB0F4;
	  f horizontal_meters = 6.000000;
	  f lod = 1.000000;
	  f near_plane = 0.100000;
		texture = art\bitmaps\decals\b_d_jng01-a.raw;
	  f vertical_meters = 6.000000;
	}
	[t:decal,n:*]
	{
		decal_orientation = 0.000000,-1.000000,0.000000,0.000000,0.000000,-1.000000,1.000000,0.000000,0.000000;
		decal_origin = -1.232570,1.000000,-1.153111,0x60BF3A3A;
	  f far_plane = 1.100000;
	  x guid = 0x225E2F23;
	  f horizontal_meters = 6.000000;
	  f lod = 1.000000;
	  f near_plane = 0.100000;
		texture = art\bitmaps\decals\b_d_jng01-a.raw;
	  f vertical_meters = 6.000000;
	}
	[t:decal,n:*]
	{
		decal_orientation = 0.000000,-1.000000,0.000000,0.000000,0.000000,-1.000000,1.000000,0.000000,0.000000;
		decal_origin = -3.156117,1.000001,0.607019,0x60BF3A3A;
	  f far_plane = 1.100000;
	  x guid = 0x80F1B1F9;
	  f horizontal_meters = 6.000000;
	  f lod = 1.000000;
	  f near_plane = 0.100000;
		texture = art\bitmaps\decals\b_d_jng01-a.raw;
	  f vertical_meters = 6.000000;
	}
	[t:decal,n:*]
	{
		decal_orientation = 0.000000,-1.000000,0.000000,0.000000,0.000000,-1.000000,1.000000,0.000000,0.000000;
		decal_origin = 1.925306,13.000002,0.400517,0xB72871A6;
	  f far_plane = 1.100000;
	  x guid = 0x0F578308;
	  f horizontal_meters = 6.000000;
	  f lod = 1.000000;
	  f near_plane = 0.100000;
		texture = art\bitmaps\decals\b_d_jng01-a.raw;
	  f vertical_meters = 6.000000;
	}
	[t:decal,n:*]
	{
		decal_orientation = -0.099504,-0.963559,-0.248299,0.000000,0.249537,-0.968365,0.995037,-0.096356,-0.024830;
		decal_origin = -2.922018,1.922398,2.520715,0x2923D6AB;
	  f far_plane = 1.100000;
	  x guid = 0x7CB3D2B0;
	  f horizontal_meters = 6.000000;
	  f lod = 1.000000;
	  f near_plane = 0.100000;
		texture = art\bitmaps\decals\b_d_jng01-a.raw;
	  f vertical_meters = 6.000000;
	}
	[t:decal,n:*]
	{
		decal_orientation = 0.000000,-1.000000,0.000000,0.000000,0.000000,-1.000000,1.000000,0.000000,0.000000;
		decal_origin = -3.944738,2.000001,2.840207,0x2923D6AB;
	  f far_plane = 1.100000;
	  x guid = 0x0ED1BA4D;
	  f horizontal_meters = 6.000000;
	  f lod = 1.000000;
	  f near_plane = 0.100000;
		texture = art\bitmaps\decals\b_d_jng01-a.raw;
	  f vertical_meters = 6.000000;
	}
	[t:decal,n:*]
	{
		decal_orientation = 0.000000,-0.884918,-0.465746,0.000000,0.465746,-0.884918,1.000000,0.000000,0.000000;
		decal_origin = 0.606169,0.811012,0.003945,0x2923D6AB;
	  f far_plane = 1.100000;
	  x guid = 0x49446585;
	  f horizontal_meters = 6.000000;
	  f lod = 1.000000;
	  f near_plane = 0.100000;
		texture = art\bitmaps\decals\b_d_jng01-a.raw;
	  f vertical_meters = 6.000000;
	}
	[t:decal,n:*]
	{
		decal_orientation = 1.000000,0.000000,0.000000,0.000000,0.447214,-0.894427,0.000000,0.894427,0.447214;
		decal_origin = -0.238177,0.726252,-0.783563,0x2923D6AB;
	  f far_plane = 1.100000;
	  x guid = 0x33425EFC;
	  f horizontal_meters = 6.000000;
	  f lod = 1.000000;
	  f near_plane = 0.100000;
		texture = art\bitmaps\decals\b_d_jng01-a.raw;
	  f vertical_meters = 6.000000;
	}
	[t:decal,n:*]
	{
		decal_orientation = 0.688749,-0.586701,-0.425918,0.000000,0.587473,-0.809244,0.724999,0.557366,0.404622;
		decal_origin = 0.691081,0.521734,-0.700524,0x2923D6AB;
	  f far_plane = 1.100000;
	  x guid = 0x3CEC8044;
	  f horizontal_meters = 6.000000;
	  f lod = 1.000000;
	  f near_plane = 0.100000;
		texture = art\bitmaps\decals\b_d_jng01-a.raw;
	  f vertical_meters = 6.000000;
	}
	[t:decal,n:*]
	{
		decal_orientation = 0.582187,-0.743439,-0.329176,0.000000,0.404863,-0.914377,0.813055,0.532339,0.235706;
		decal_origin = -1.730574,1.452882,0.094019,0x2923D6AB;
	  f far_plane = 1.100000;
	  x guid = 0x1E83398A;
	  f horizontal_meters = 6.000000;
	  f lod = 1.000000;
	  f near_plane = 0.100000;
		texture = art\bitmaps\decals\b_d_jng01-a.raw;
	  f vertical_meters = 6.000000;
	}
	[t:decal,n:*]
	{
		decal_orientation = 0.330350,-0.933230,-0.141248,0.000000,0.149650,-0.988739,0.943858,0.326630,0.049437;
		decal_origin = -3.489860,1.954659,0.322944,0x2923D6AB;
	  f far_plane = 1.100000;
	  x guid = 0xF9F71C82;
	  f horizontal_meters = 6.000000;
	  f lod = 1.000000;
	  f near_plane = 0.100000;
		texture = art\bitmaps\decals\b_d_jng01-a.raw;
	  f vertical_meters = 6.000000;
	}
	[t:decal,n:*]
	{
		decal_orientation = 0.000000,-0.894427,-0.447214,0.000000,0.447214,-0.894427,1.000000,0.000000,0.000000;
		decal_origin = 0.464939,0.885564,3.075527,0x2923D6AB;
	  f far_plane = 1.100000;
	  x guid = 0x8C25D30E;
	  f horizontal_meters = 6.000000;
	  f lod = 1.000000;
	  f near_plane = 0.100000;
		texture = art\bitmaps\decals\b_d_jng01-a.raw;
	  f vertical_meters = 6.000000;
	}
	[t:decal,n:*]
	{
		decal_orientation = 0.298275,-0.934192,-0.195749,0.000000,0.205084,-0.978744,0.954480,0.291935,0.061172;
		decal_origin = -1.109501,1.507735,3.425882,0x2923D6AB;
	  f far_plane = 1.100000;
	  x guid = 0x863E6DF2;
	  f horizontal_meters = 6.000000;
	  f lod = 1.000000;
	  f near_plane = 0.100000;
		texture = art\bitmaps\decals\b_d_jng01-a.raw;
	  f vertical_meters = 6.000000;
	}
	[t:decal,n:*]
	{
		decal_orientation = 0.898716,-0.338948,-0.278250,0.000000,0.634506,-0.772918,0.438530,0.694634,0.570241;
		decal_origin = -1.966302,0.904959,-1.096140,0x2923D6AB;
	  f far_plane = 1.100000;
	  x guid = 0x23E0DCC2;
	  f horizontal_meters = 6.000000;
	  f lod = 1.000000;
	  f near_plane = 0.100000;
		texture = art\bitmaps\decals\b_d_jng01-a.raw;
	  f vertical_meters = 6.000000;
	}
	[t:decal,n:*]
	{
		decal_orientation = 0.000000,-0.573462,-0.819232,0.000000,0.819232,-0.573462,1.000000,0.000000,0.000000;
		decal_origin = -4.162304,12.847083,9.422501,0x65E21CA3;
	  f far_plane = 1.100000;
	  x guid = 0xA3967D4F;
	  f horizontal_meters = 6.000000;
	  f lod = 1.000000;
	  f near_plane = 0.100000;
		texture = art\bitmaps\decals\b_d_jng01-a.raw;
	  f vertical_meters = 6.000000;
	}
	[t:decal,n:*]
	{
		decal_orientation = 0.000000,-0.650791,-0.759257,0.000000,0.759257,-0.650791,1.000000,0.000000,0.000000;
		decal_origin = -4.287930,13.005844,6.291899,0x65E21CA3;
	  f far_plane = 1.100000;
	  x guid = 0x5911BBDD;
	  f horizontal_meters = 6.000000;
	  f lod = 1.000000;
	  f near_plane = 0.100000;
		texture = art\bitmaps\decals\b_d_jng01-a.raw;
	  f vertical_meters = 6.000000;
	}
	[t:decal,n:*]
	{
		decal_orientation = 0.000000,-0.650791,-0.759257,0.000000,0.759257,-0.650791,1.000000,0.000000,0.000000;
		decal_origin = -4.447984,13.192572,3.019614,0x65E21CA3;
	  f far_plane = 1.100000;
	  x guid = 0xE7652D59;
	  f horizontal_meters = 6.000000;
	  f lod = 1.000000;
	  f near_plane = 0.100000;
		texture = art\bitmaps\decals\b_d_jng01-a.raw;
	  f vertical_meters = 6.000000;
	}
	[t:decal,n:*]
	{
		decal_orientation = 0.000000,-1.000000,0.000000,0.000000,0.000000,-1.000000,1.000000,0.000000,0.000000;
		decal_origin = -5.778981,14.000002,2.198335,0x65E21CA3;
	  f far_plane = 1.100000;
	  x guid = 0x472D1059;
	  f horizontal_meters = 6.000000;
	  f lod = 1.000000;
	  f near_plane = 0.100000;
		texture = art\bitmaps\decals\b_d_jng01-a.raw;
	  f vertical_meters = 6.000000;
	}
	[t:decal,n:*]
	{
		decal_orientation = 0.000000,-1.000000,0.000000,0.000000,0.000000,-1.000000,1.000000,0.000000,0.000000;
		decal_origin = 3.653643,13.000000,-1.840804,0xB72871A6;
	  f far_plane = 1.100000;
	  x guid = 0x8CBAC51F;
	  f horizontal_meters = 6.000000;
	  f lod = 1.000000;
	  f near_plane = 0.100000;
		texture = art\bitmaps\decals\b_d_jng01-a.raw;
	  f vertical_meters = 6.000000;
	}
	[t:decal,n:*]
	{
		decal_orientation = 0.000000,-1.000000,0.000000,0.000000,0.000000,-1.000000,1.000000,0.000000,0.000000;
		decal_origin = -0.085728,12.999998,0.131446,0xB72871A6;
	  f far_plane = 1.100000;
	  x guid = 0xB07667CE;
	  f horizontal_meters = 6.000000;
	  f lod = 1.000000;
	  f near_plane = 0.100000;
		texture = art\bitmaps\decals\b_d_jng01-a.raw;
	  f vertical_meters = 6.000000;
	}
	[t:decal,n:*]
	{
		decal_orientation = 0.000000,-1.000000,0.000000,0.000000,0.000000,-1.000000,1.000000,0.000000,0.000000;
		decal_origin = -0.983044,-11.000000,-5.147728,0x4285877A;
	  f far_plane = 1.100000;
	  x guid = 0x204C35C8;
	  f horizontal_meters = 6.000000;
	  f lod = 1.000000;
	  f near_plane = 0.100000;
		texture = art\bitmaps\decals\b_d_jng01-a.raw;
	  f vertical_meters = 6.000000;
	}
	[t:decal,n:*]
	{
		decal_orientation = 0.000000,-1.000000,0.000000,0.000000,0.000000,-1.000000,1.000000,0.000000,0.000000;
		decal_origin = -0.134919,1.000000,0.681736,0x44F41397;
	  f far_plane = 1.100000;
	  x guid = 0xBD6BABDF;
	  f horizontal_meters = 6.000000;
	  f lod = 1.000000;
	  f near_plane = 0.100000;
		texture = art\bitmaps\decals\b_d_jng01-a.raw;
	  f vertical_meters = 6.000000;
	}
	[t:decal,n:*]
	{
		decal_orientation = 0.000000,0.975610,0.219513,0.000000,0.219513,-0.975610,-1.000000,0.000000,0.000000;
		decal_origin = -0.246059,12.969640,2.796323,0xE389C693;
	  f far_plane = 1.100000;
	  x guid = 0x5BEBEF7A;
	  f horizontal_meters = 6.000000;
	  f lod = 1.000000;
	  f near_plane = 0.100000;
		texture = art\bitmaps\decals\b_d_jng01-a.raw;
	  f vertical_meters = 6.000000;
	}
	[t:decal,n:*]
	{
		decal_orientation = 0.000000,0.975610,0.219513,0.000000,0.219513,-0.975610,-1.000000,0.000000,0.000000;
		decal_origin = -3.179962,12.629428,3.858856,0xE389C693;
	  f far_plane = 1.100000;
	  x guid = 0xB6B987B3;
	  f horizontal_meters = 6.000000;
	  f lod = 1.000000;
	  f near_plane = 0.100000;
		texture = art\bitmaps\decals\b_d_jng01-a.raw;
	  f vertical_meters = 6.000000;
	}
	[t:decal,n:*]
	{
		decal_orientation = 0.832050,-0.475457,-0.285714,0.000000,0.515079,-0.857143,0.554700,0.713186,0.428571;
		decal_origin = -0.683231,1.294060,0.465966,0x7E4707AA;
	  f far_plane = 1.100000;
	  x guid = 0x65C995F9;
	  f horizontal_meters = 6.000000;
	  f lod = 1.000000;
	  f near_plane = 0.100000;
		texture = art\bitmaps\decals\b_d_jng01-a.raw;
	  f vertical_meters = 6.000000;
	}
	[t:decal,n:*]
	{
		decal_orientation = 1.000000,0.000000,0.000000,0.000000,0.447214,-0.894427,0.000000,0.894427,0.447214;
		decal_origin = -1.891117,0.836805,-0.562458,0x7E4707AA;
	  f far_plane = 1.100000;
	  x guid = 0x23037528;
	  f horizontal_meters = 6.000000;
	  f lod = 1.000000;
	  f near_plane = 0.100000;
		texture = art\bitmaps\decals\b_d_jng01-a.raw;
	  f vertical_meters = 6.000000;
	}
	[t:decal,n:*]
	{
		decal_orientation = 0.566529,-0.777043,-0.274317,0.000000,0.332892,-0.942965,0.824042,0.534217,0.188593;
		decal_origin = -0.348487,1.675681,2.523629,0x7E4707AA;
	  f far_plane = 1.100000;
	  x guid = 0x95BF2FD3;
	  f horizontal_meters = 6.000000;
	  f lod = 1.000000;
	  f near_plane = 0.100000;
		texture = art\bitmaps\decals\b_d_jng01-a.raw;
	  f vertical_meters = 6.000000;
	}
	[t:decal,n:*]
	{
		decal_orientation = 1.000000,0.000000,0.000000,0.000000,0.196116,-0.980581,0.000000,0.980581,0.196116;
		decal_origin = -1.524839,1.705286,1.927410,0x7E4707AA;
	  f far_plane = 1.100000;
	  x guid = 0x3A396071;
	  f horizontal_meters = 6.000000;
	  f lod = 1.000000;
	  f near_plane = 0.100000;
		texture = art\bitmaps\decals\b_d_jng01-a.raw;
	  f vertical_meters = 6.000000;
	}
	[t:decal,n:*]
	{
		decal_orientation = 0.123472,-0.682197,-0.720668,0.000000,0.726225,-0.687457,0.992348,0.084882,0.089668;
		decal_origin = 1.023608,0.590922,1.234591,0x7E4707AA;
	  f far_plane = 1.100000;
	  x guid = 0x5A188057;
	  f horizontal_meters = 6.000000;
	  f lod = 1.000000;
	  f near_plane = 0.100000;
		texture = art\bitmaps\decals\b_d_jng01-a.raw;
	  f vertical_meters = 6.000000;
	}
	[t:decal,n:*]
	{
		decal_orientation = 0.000000,-1.000000,0.000000,0.000000,0.000000,-1.000000,1.000000,0.000000,0.000000;
		decal_origin = 3.532163,1.000000,1.015588,0x57070029;
	  f far_plane = 1.100000;
	  x guid = 0xD96E9110;
	  f horizontal_meters = 6.000000;
	  f lod = 1.000000;
	  f near_plane = 0.100000;
		texture = art\bitmaps\decals\b_d_jng01-a.raw;
	  f vertical_meters = 6.000000;
	}
	[t:decal,n:*]
	{
		decal_orientation = 0.000000,-1.000000,0.000000,0.000000,0.000000,-1.000000,1.000000,0.000000,0.000000;
		decal_origin = 2.723163,1.000001,-1.379181,0x57070029;
	  f far_plane = 1.100000;
	  x guid = 0x44E66375;
	  f horizontal_meters = 6.000000;
	  f lod = 1.000000;
	  f near_plane = 0.100000;
		texture = art\bitmaps\decals\b_d_jng01-a.raw;
	  f vertical_meters = 6.000000;
	}
	[t:decal,n:*]
	{
		decal_orientation = 0.000000,-1.000000,0.000000,0.000000,0.000000,-1.000000,1.000000,0.000000,0.000000;
		decal_origin = 1.232761,-11.000001,-1.719161,0xCE0A803E;
	  f far_plane = 1.100000;
	  x guid = 0xADAB76D3;
	  f horizontal_meters = 6.000000;
	  f lod = 1.000000;
	  f near_plane = 0.100000;
		texture = art\bitmaps\decals\b_d_jng01-a.raw;
	  f vertical_meters = 6.000000;
	}
	[t:decal,n:*]
	{
		decal_orientation = 0.000000,-0.989949,-0.141421,0.000000,0.141421,-0.989949,1.000000,0.000000,0.000000;
		decal_origin = 1.204844,12.838033,2.725167,0x8C558B89;
	  f far_plane = 1.100000;
	  x guid = 0x6059F6A1;
	  f horizontal_meters = 6.000000;
	  f lod = 1.000000;
	  f near_plane = 0.100000;
		texture = art\bitmaps\decals\b_d_jng01-a.raw;
	  f vertical_meters = 6.000000;
	}
	[t:decal,n:*]
	{
		decal_orientation = 0.000000,-1.000000,0.000000,0.000000,0.000000,-1.000000,1.000000,0.000000,0.000000;
		decal_origin = -3.013557,0.999999,-1.731715,0x57070029;
	  f far_plane = 1.100000;
	  x guid = 0x572898E7;
	  f horizontal_meters = 6.000000;
	  f lod = 1.000000;
	  f near_plane = 0.100000;
		texture = art\bitmaps\decals\b_d_jng01-a.raw;
	  f vertical_meters = 6.000000;
	}
	[t:decal,n:*]
	{
		decal_orientation = 0.000000,-1.000000,0.000000,0.000000,0.000000,-1.000000,1.000000,0.000000,0.000000;
		decal_origin = -3.820920,1.000000,-1.346123,0x57070029;
	  f far_plane = 1.100000;
	  x guid = 0x74CB8BB7;
	  f horizontal_meters = 6.000000;
	  f lod = 1.000000;
	  f near_plane = 0.100000;
		texture = art\bitmaps\decals\b_d_jng01-a.raw;
	  f vertical_meters = 6.000000;
	}
	[t:decal,n:*]
	{
		decal_orientation = 0.000000,-1.000000,0.000000,0.000000,0.000000,-1.000000,1.000000,0.000000,0.000000;
		decal_origin = -2.462761,0.999999,1.396511,0x57070029;
	  f far_plane = 1.100000;
	  x guid = 0x5311FFE2;
	  f horizontal_meters = 6.000000;
	  f lod = 1.000000;
	  f near_plane = 0.100000;
		texture = art\bitmaps\decals\b_d_jng01-a.raw;
	  f vertical_meters = 6.000000;
	}
	[t:decal,n:*]
	{
		decal_orientation = 0.000000,-1.000000,0.000000,0.000000,0.000000,-1.000000,1.000000,0.000000,0.000000;
		decal_origin = 0.963669,0.999999,0.964834,0x57070029;
	  f far_plane = 1.100000;
	  x guid = 0x5E4476DA;
	  f horizontal_meters = 6.000000;
	  f lod = 1.000000;
	  f near_plane = 0.100000;
		texture = art\bitmaps\decals\b_d_jng01-a.raw;
	  f vertical_meters = 6.000000;
	}
	[t:decal,n:*]
	{
		decal_orientation = 0.161489,0.723072,0.671631,0.000000,0.680564,-0.732689,-0.986874,0.118321,0.109904;
		decal_origin = 4.436348,13.169582,3.142853,0x65E21CA3;
	  f far_plane = 1.100000;
	  x guid = 0xC790244B;
	  f horizontal_meters = 6.000000;
	  f lod = 1.000000;
	  f near_plane = 0.100000;
		texture = art\bitmaps\decals\b_d_jng01-a.raw;
	  f vertical_meters = 6.000000;
	}
	[t:decal,n:*]
	{
		decal_orientation = -0.205517,0.553095,0.807371,0.000000,0.824982,-0.565160,-0.978653,-0.116150,-0.169548;
		decal_origin = 3.615450,12.269319,4.407206,0x65E21CA3;
	  f far_plane = 1.100000;
	  x guid = 0x8056632D;
	  f horizontal_meters = 6.000000;
	  f lod = 1.000000;
	  f near_plane = 0.100000;
		texture = art\bitmaps\decals\b_d_jng01-a.raw;
	  f vertical_meters = 6.000000;
	}
	[t:decal,n:*]
	{
		decal_orientation = 0.205517,0.553095,0.807371,0.000000,0.824982,-0.565160,-0.978653,0.116150,0.169548;
		decal_origin = 3.781545,12.355691,3.089767,0x65E21CA3;
	  f far_plane = 1.100000;
	  x guid = 0xF1ED0381;
	  f horizontal_meters = 6.000000;
	  f lod = 1.000000;
	  f near_plane = 0.100000;
		texture = art\bitmaps\decals\b_d_jng01-a.raw;
	  f vertical_meters = 6.000000;
	}
	[t:decal,n:*]
	{
		decal_orientation = 0.000000,0.650791,0.759257,0.000000,0.759257,-0.650791,-1.000000,0.000000,0.000000;
		decal_origin = 4.364047,13.094645,5.887547,0x65E21CA3;
	  f far_plane = 1.100000;
	  x guid = 0x869B1A4F;
	  f horizontal_meters = 6.000000;
	  f lod = 1.000000;
	  f near_plane = 0.100000;
		texture = art\bitmaps\decals\b_d_jng01-a.raw;
	  f vertical_meters = 6.000000;
	}
	[t:decal,n:*]
	{
		decal_orientation = -0.205517,0.553095,0.807371,0.000000,0.824982,-0.565160,-0.978653,-0.116150,-0.169548;
		decal_origin = 3.659928,12.284856,8.567230,0x65E21CA3;
	  f far_plane = 1.100000;
	  x guid = 0xBAB0AB0C;
	  f horizontal_meters = 6.000000;
	  f lod = 1.000000;
	  f near_plane = 0.100000;
		texture = art\bitmaps\decals\b_d_jng01-a.raw;
	  f vertical_meters = 6.000000;
	}
	[t:decal,n:*]
	{
		decal_orientation = 0.000000,-1.000000,0.000000,0.000000,0.000000,-1.000000,1.000000,0.000000,0.000000;
		decal_origin = 5.835967,14.000001,7.711937,0x65E21CA3;
	  f far_plane = 1.100000;
	  x guid = 0x923CA324;
	  f horizontal_meters = 6.000000;
	  f lod = 1.000000;
	  f near_plane = 0.100000;
		texture = art\bitmaps\decals\b_d_jng01-a.raw;
	  f vertical_meters = 6.000000;
	}
	[t:decal,n:*]
	{
		decal_orientation = 0.000000,0.650791,0.759257,0.000000,0.759257,-0.650791,-1.000000,0.000000,0.000000;
		decal_origin = 4.661649,13.441849,8.382044,0x65E21CA3;
	  f far_plane = 1.100000;
	  x guid = 0x0B5E2764;
	  f horizontal_meters = 6.000000;
	  f lod = 1.000000;
	  f near_plane = 0.100000;
		texture = art\bitmaps\decals\b_d_jng01-a.raw;
	  f vertical_meters = 6.000000;
	}
	[t:decal,n:*]
	{
		decal_orientation = 0.888974,-0.293542,-0.351507,0.000000,0.767555,-0.640983,0.457957,0.569818,0.682337;
		decal_origin = -0.955634,0.961151,0.581416,0x4B6061AE;
	  f far_plane = 1.100000;
	  x guid = 0x0670B10E;
	  f horizontal_meters = 6.000000;
	  f lod = 1.000000;
	  f near_plane = 0.100000;
		texture = art\bitmaps\decals\b_d_jng01-a.raw;
	  f vertical_meters = 6.000000;
	}
	[t:decal,n:*]
	{
		decal_orientation = 1.000000,0.000000,0.000000,0.000000,0.759257,-0.650791,0.000000,0.650791,0.759257;
		decal_origin = 1.878921,1.412478,2.636474,0x7E4707AA;
	  f far_plane = 1.100000;
	  x guid = 0xDED4D1B9;
	  f horizontal_meters = 6.000000;
	  f lod = 1.000000;
	  f near_plane = 0.100000;
		texture = art\bitmaps\decals\b_d_jng01-a.raw;
	  f vertical_meters = 6.000000;
	}
	[t:decal,n:*]
	{
		decal_orientation = 0.000000,-1.000000,0.000000,0.000000,0.000000,-1.000000,1.000000,0.000000,0.000000;
		decal_origin = 2.790775,1.000000,-0.177483,0x562F898B;
	  f far_plane = 1.100000;
	  x guid = 0xC031BA4E;
	  f horizontal_meters = 6.000000;
	  f lod = 1.000000;
	  f near_plane = 0.100000;
		texture = art\bitmaps\decals\b_d_jng01-a.raw;
	  f vertical_meters = 6.000000;
	}
	[t:decal,n:*]
	{
		decal_orientation = 0.000000,-1.000000,0.000000,0.000000,0.000000,-1.000000,1.000000,0.000000,0.000000;
		decal_origin = 1.151775,0.999998,-1.901886,0x562F898B;
	  f far_plane = 1.100000;
	  x guid = 0xD92066E6;
	  f horizontal_meters = 6.000000;
	  f lod = 1.000000;
	  f near_plane = 0.100000;
		texture = art\bitmaps\decals\b_d_jng01-a.raw;
	  f vertical_meters = 6.000000;
	}
	[t:decal,n:*]
	{
		decal_orientation = 0.000000,-1.000000,0.000000,0.000000,0.000000,-1.000000,1.000000,0.000000,0.000000;
		decal_origin = -1.667923,0.999998,-1.671738,0x562F898B;
	  f far_plane = 1.100000;
	  x guid = 0xD6324EC9;
	  f horizontal_meters = 6.000000;
	  f lod = 1.000000;
	  f near_plane = 0.100000;
		texture = art\bitmaps\decals\b_d_jng01-a.raw;
	  f vertical_meters = 6.000000;
	}
	[t:decal,n:*]
	{
		decal_orientation = 0.000000,-1.000000,0.000000,0.000000,0.000000,-1.000000,1.000000,0.000000,0.000000;
		decal_origin = 2.482178,3.000000,3.210243,0x8844A152;
	  f far_plane = 1.100000;
	  x guid = 0x7FA60E95;
	  f horizontal_meters = 6.000000;
	  f lod = 1.000000;
	  f near_plane = 0.100000;
		texture = art\bitmaps\decals\b_d_jng01-a.raw;
	  f vertical_meters = 6.000000;
	}
	[t:decal,n:*]
	{
		decal_orientation = 0.000000,-1.000000,0.000000,0.000000,0.000000,-1.000000,1.000000,0.000000,0.000000;
		decal_origin = 3.487083,1.000000,2.384422,0x22BE7577;
	  f far_plane = 1.100000;
	  x guid = 0x8D03F993;
	  f horizontal_meters = 6.000000;
	  f lod = 1.000000;
	  f near_plane = 0.100000;
		texture = art\bitmaps\decals\b_d_jng01-a.raw;
	  f vertical_meters = 6.000000;
	}
	[t:decal,n:*]
	{
		decal_orientation = 0.000000,-1.000000,0.000000,0.000000,0.000000,-1.000000,1.000000,0.000000,0.000000;
		decal_origin = 2.723358,1.000002,2.929214,0x22BE7577;
	  f far_plane = 1.100000;
	  x guid = 0x7BF4A9A7;
	  f horizontal_meters = 6.000000;
	  f lod = 1.000000;
	  f near_plane = 0.100000;
		texture = art\bitmaps\decals\b_d_jng01-a.raw;
	  f vertical_meters = 6.000000;
	}
	[t:decal,n:*]
	{
		decal_orientation = 0.000000,-1.000000,0.000000,0.000000,0.000000,-1.000000,1.000000,0.000000,0.000000;
		decal_origin = 0.522797,0.999998,0.978279,0x22BE7577;
	  f far_plane = 1.100000;
	  x guid = 0xC2BBB18E;
	  f horizontal_meters = 6.000000;
	  f lod = 1.000000;
	  f near_plane = 0.100000;
		texture = art\bitmaps\decals\b_d_jng01-a.raw;
	  f vertical_meters = 6.000000;
	}
	[t:decal,n:*]
	{
		decal_orientation = 0.000000,-1.000000,0.000000,0.000000,0.000000,-1.000000,1.000000,0.000000,0.000000;
		decal_origin = -2.056667,1.000000,1.369934,0x22BE7577;
	  f far_plane = 1.100000;
	  x guid = 0x5E6C2171;
	  f horizontal_meters = 6.000000;
	  f lod = 1.000000;
	  f near_plane = 0.100000;
		texture = art\bitmaps\decals\b_d_jng01-a.raw;
	  f vertical_meters = 6.000000;
	}
	[t:decal,n:*]
	{
		decal_orientation = 0.000000,-1.000000,0.000000,0.000000,0.000000,-1.000000,1.000000,0.000000,0.000000;
		decal_origin = -3.547291,1.000000,2.855942,0x22BE7577;
	  f far_plane = 1.100000;
	  x guid = 0x2EF373C1;
	  f horizontal_meters = 6.000000;
	  f lod = 1.000000;
	  f near_plane = 0.100000;
		texture = art\bitmaps\decals\b_d_jng01-a.raw;
	  f vertical_meters = 6.000000;
	}
	[t:decal,n:*]
	{
		decal_orientation = 0.000000,-1.000000,0.000000,0.000000,0.000000,-1.000000,1.000000,0.000000,0.000000;
		decal_origin = 0.120037,0.999998,3.948227,0x22BE7577;
	  f far_plane = 1.100000;
	  x guid = 0x65CD5334;
	  f horizontal_meters = 6.000000;
	  f lod = 1.000000;
	  f near_plane = 0.100000;
		texture = art\bitmaps\decals\b_d_jng01-a.raw;
	  f vertical_meters = 6.000000;
	}
	[t:decal,n:*]
	{
		decal_orientation = 0.000000,-1.000000,0.000000,0.000000,0.000000,-1.000000,1.000000,0.000000,0.000000;
		decal_origin = 2.231194,1.450001,3.441742,0x54C36BBD;
	  f far_plane = 1.100000;
	  x guid = 0x423011ED;
	  f horizontal_meters = 6.000000;
	  f lod = 1.000000;
	  f near_plane = 0.100000;
		texture = art\bitmaps\decals\b_d_jng01-a.raw;
	  f vertical_meters = 6.000000;
	}
	[t:decal,n:*]
	{
		decal_orientation = 0.000000,-1.000000,0.000000,0.000000,0.000000,-1.000000,1.000000,0.000000,0.000000;
		decal_origin = 2.099427,1.508236,0.735004,0x54C36BBD;
	  f far_plane = 1.100000;
	  x guid = 0x8AB5B9A1;
	  f horizontal_meters = 6.000000;
	  f lod = 1.000000;
	  f near_plane = 0.100000;
