[decals]
{
	[t:decal,n:*]
	{
		decal_orientation = 0.000000,-0.996546,-0.083046,0.000000,0.083046,-0.996546,1.000000,0.000000,0.000000;
		decal_origin = -2.062269,-4.816346,2.620508,0xF21A1C62;
	  f far_plane = 1.100000;
	  x guid = 0x3F8BDAD7;
	  f horizontal_meters = 4.000000;
	  f lod = 1.000000;
	  f near_plane = 0.100000;
		texture = art\bitmaps\decals\b_d_lakeshore-gravel-a.raw;
	  f vertical_meters = 4.000000;
	}
	[t:decal,n:*]
	{
		decal_orientation = -0.241068,-0.535082,-0.809675,0.000000,0.834279,-0.551342,0.970508,-0.132911,-0.201118;
		decal_origin = -1.908113,-5.101718,4.530243,0xF21A1C62;
	  f far_plane = 1.100000;
	  x guid = 0x42B76F3E;
	  f horizontal_meters = 4.000000;
	  f lod = 1.000000;
	  f near_plane = 0.100000;
		texture = art\bitmaps\decals\b_d_lakeshore-gravel-a.raw;
	  f vertical_meters = 4.000000;
	}
	[t:decal,n:*]
	{
		decal_orientation = -0.396911,0.000000,-0.917857,0.000000,1.000000,0.000000,0.917857,0.000000,-0.396911;
		decal_origin = -1.506319,-4.777194,3.734067,0xF21A1C62;
	  f far_plane = 1.100000;
	  x guid = 0xE1E4E198;
	  f horizontal_meters = 4.000000;
	  f lod = 1.000000;
	  f near_plane = 0.100000;
		texture = art\bitmaps\decals\b_d_lakeshore-gravel-a.raw;
	  f vertical_meters = 4.000000;
	}
	[t:decal,n:*]
	{
		decal_orientation = 0.140566,-0.126035,-0.982017,0.000000,0.991864,-0.127298,0.990071,0.017894,0.139422;
		decal_origin = -1.363351,-4.400483,2.702630,0xF21A1C62;
	  f far_plane = 1.100000;
	  x guid = 0xD7541670;
	  f horizontal_meters = 4.000000;
	  f lod = 1.000000;
	  f near_plane = 0.100000;
		texture = art\bitmaps\decals\b_d_lakeshore-gravel-a.raw;
	  f vertical_meters = 4.000000;
	}
	[t:decal,n:*]
	{
		decal_orientation = -0.366524,0.279628,0.887394,0.000000,0.953768,-0.300544,-0.930408,-0.110157,-0.349579;
		decal_origin = 1.621644,-4.112580,3.669548,0xF21A1C62;
	  f far_plane = 1.100000;
	  x guid = 0x35F73A45;
	  f horizontal_meters = 4.000000;
	  f lod = 1.000000;
	  f near_plane = 0.100000;
		texture = art\bitmaps\decals\b_d_lakeshore-gravel-a.raw;
	  f vertical_meters = 4.000000;
	}
	[t:decal,n:*]
	{
		decal_orientation = 0.198949,0.034280,0.979410,0.000000,0.999388,-0.034979,-0.980010,0.006959,0.198828;
		decal_origin = 1.460178,-4.348348,2.101698,0xF21A1C62;
	  f far_plane = 1.100000;
	  x guid = 0x1888943B;
	  f horizontal_meters = 4.000000;
	  f lod = 1.000000;
	  f near_plane = 0.100000;
		texture = art\bitmaps\decals\b_d_lakeshore-gravel-a.raw;
	  f vertical_meters = 4.000000;
	}
	[t:decal,n:*]
	{
		decal_orientation = -0.155963,-0.236806,0.958957,0.000000,0.970837,0.239739,-0.987763,0.037390,-0.151414;
		decal_origin = 1.543046,-5.770929,2.906398,0xF21A1C62;
	  f far_plane = 1.100000;
	  x guid = 0xC4D93690;
	  f horizontal_meters = 4.000000;
	  f lod = 1.000000;
	  f near_plane = 0.100000;
		texture = art\bitmaps\decals\b_d_lakeshore-gravel-a.raw;
	  f vertical_meters = 4.000000;
	}
	[t:decal,n:*]
	{
		decal_orientation = -0.084800,0.170822,0.981646,0.000000,0.985195,-0.171440,-0.996398,-0.014538,-0.083544;
		decal_origin = 1.750792,-5.251701,3.816342,0xF21A1C62;
	  f far_plane = 1.100000;
	  x guid = 0xBEC1EEEA;
	  f horizontal_meters = 4.000000;
	  f lod = 1.000000;
	  f near_plane = 0.100000;
		texture = art\bitmaps\decals\b_d_lakeshore-gravel-a.raw;
	  f vertical_meters = 4.000000;
	}
	[t:decal,n:*]
	{
		decal_orientation = -0.322263,0.944209,0.067940,0.000000,0.071769,-0.997421,-0.946650,-0.321432,-0.023129;
		decal_origin = 1.224088,-4.865946,3.626200,0xF21A1C62;
	  f far_plane = 1.100000;
	  x guid = 0x15C45BC9;
	  f horizontal_meters = 4.000000;
	  f lod = 1.000000;
	  f near_plane = 0.100000;
		texture = art\bitmaps\decals\b_d_lakeshore-gravel-a.raw;
	  f vertical_meters = 4.000000;
	}
}
