[decals]
{
	[t:decal,n:*]
	{
		decal_orientation = 0.999224,0.033362,0.020919,0.000000,0.531235,-0.847225,-0.039378,0.846567,0.530823;
		decal_origin = 0.168391,1.952982,1.872871,0x0603715E;
	  f far_plane = 1.100000;
	  x guid = 0x6C3E7182;
	  f horizontal_meters = 8.000001;
	  f lod = 1.000000;
	  f near_plane = 0.100000;
		texture = art\bitmaps\decals\b_d_sr02-a.raw;
	  f vertical_meters = 8.000001;
	}
	[t:decal,n:*]
	{
		decal_orientation = 0.998274,-0.051839,-0.027587,0.000000,0.469787,-0.882780,0.058722,0.881256,0.468977;
		decal_origin = 0.214612,0.072475,-1.218551,0x0603715E;
	  f far_plane = 1.100000;
	  x guid = 0x2979F0F2;
	  f horizontal_meters = 8.000001;
	  f lod = 1.000000;
	  f near_plane = 0.100000;
		texture = art\bitmaps\decals\b_d_sr02-a.raw;
	  f vertical_meters = 8.000001;
	}
	[t:decal,n:*]
	{
		decal_orientation = 0.000000,-1.000000,0.000000,0.000000,0.000000,-1.000000,1.000000,0.000000,0.000000;
		decal_origin = 0.326596,-1.000000,-3.024256,0x0603715E;
	  f far_plane = 1.100000;
	  x guid = 0x003FBEB2;
	  f horizontal_meters = 8.000001;
	  f lod = 1.000000;
	  f near_plane = 0.100000;
		texture = art\bitmaps\decals\b_d_sr02-a.raw;
	  f vertical_meters = 8.000001;
	}
	[t:decal,n:*]
	{
		decal_orientation = 1.000000,0.000000,0.000000,0.000000,0.447214,-0.894427,0.000000,0.894427,0.447214;
		decal_origin = 1.377492,-0.350560,-1.937190,0x956CAEAA;
	  f far_plane = 1.100000;
	  x guid = 0xF3757FDC;
	  f horizontal_meters = 8.000001;
	  f lod = 1.000000;
	  f near_plane = 0.100000;
		texture = art\bitmaps\decals\b_d_sr02-a.raw;
	  f vertical_meters = 8.000001;
	}
	[t:decal,n:*]
	{
		decal_orientation = 0.988936,-0.144379,-0.034051,0.000000,0.229548,-0.973297,0.148340,0.962529,0.227008;
		decal_origin = -2.028870,-4.903275,-1.707250,0xDB606EDF;
	  f far_plane = 1.100000;
	  x guid = 0x627C3E42;
	  f horizontal_meters = 8.000001;
	  f lod = 1.000000;
	  f near_plane = 0.100000;
		texture = art\bitmaps\decals\b_d_sr02-a.raw;
	  f vertical_meters = 8.000001;
	}
	[t:decal,n:*]
	{
		decal_orientation = 0.000000,-0.997857,-0.065433,0.000000,0.065433,-0.997857,1.000000,0.000000,0.000000;
		decal_origin = -0.445346,-4.968648,-0.381878,0xDB606EDF;
	  f far_plane = 1.100000;
	  x guid = 0x79D07F18;
	  f horizontal_meters = 8.000001;
	  f lod = 1.000000;
	  f near_plane = 0.100000;
		texture = art\bitmaps\decals\b_d_sr02-a.raw;
	  f vertical_meters = 8.000001;
	}
}
