[decals]
{
	[t:decal,n:*]
	{
		decal_orientation = 0.000000,-1.000000,0.000000,0.000000,0.000000,-1.000000,1.000000,0.000000,0.000000;
		decal_origin = -3.986095,-3.000002,-1.925439,0x282BDEC1;
	  f far_plane = 1.100000;
	  x guid = 0xCE925AE4;
	  f horizontal_meters = 4.000000;
	  f lod = 1.000000;
	  f near_plane = 0.100000;
		texture = Art\Bitmaps\Decals\b_d_for01-a.%img%;
	  f vertical_meters = 4.000000;
	}
	[t:decal,n:*]
	{
		decal_orientation = 0.000000,-1.000000,0.000000,0.000000,0.000000,-1.000000,1.000000,0.000000,0.000000;
		decal_origin = -1.644646,1.000000,-1.355537,0x192A06F8;
	  f far_plane = 1.100000;
	  x guid = 0x6280EC2D;
	  f horizontal_meters = 4.000000;
	  f lod = 1.000000;
	  f near_plane = 0.100000;
		texture = Art\Bitmaps\Decals\b_d_for01-a.%img%;
	  f vertical_meters = 4.000000;
	}
	[t:decal,n:*]
	{
		decal_orientation = -0.992278,-0.123849,-0.006793,0.000000,0.054763,-0.998499,0.124035,-0.990789,-0.054340;
		decal_origin = 0.000164,1.398346,-0.019539,0x03CC72E8;
	  f far_plane = 1.100000;
	  x guid = 0x8AC468A4;
	  f horizontal_meters = 4.000000;
	  f lod = 1.000000;
	  f near_plane = 0.100000;
		texture = Art\Bitmaps\Decals\b_d_blood.%img%;
	  f vertical_meters = 4.000000;
	}
	[t:decal,n:*]
	{
		decal_orientation = -0.000000,-0.999376,-0.035333,0.000000,0.035333,-0.999376,1.000000,-0.000000,0.000000;
		decal_origin = -0.100437,1.108626,0.127777,0x8A47B52A;
	  f far_plane = 1.100000;
	  x guid = 0x65AFAA86;
	  f horizontal_meters = 4.000000;
	  f lod = 1.000000;
	  f near_plane = 0.100000;
		texture = Art\Bitmaps\Decals\b_d_switch-plate.%img%;
	  f vertical_meters = 4.000000;
	}
	[t:decal,n:*]
	{
		decal_orientation = -0.000000,-0.999376,-0.035333,0.000000,0.035333,-0.999376,1.000000,-0.000000,0.000000;
		decal_origin = 0.061954,0.311912,-0.040344,0x8A47B52A;
	  f far_plane = 1.100000;
	  x guid = 0x674D07F3;
	  f horizontal_meters = 4.000000;
	  f lod = 1.000000;
	  f near_plane = 0.100000;
		texture = Art\Bitmaps\Decals\b_d_switch-plate.%img%;
	  f vertical_meters = 4.000000;
	}
	[t:decal,n:*]
	{
		decal_orientation = -0.000000,-0.999376,-0.035333,0.000000,0.035333,-0.999376,1.000000,-0.000000,0.000000;
		decal_origin = 0.065083,-0.356576,0.003464,0x8A47B52A;
	  f far_plane = 1.100000;
	  x guid = 0x7A53A380;
	  f horizontal_meters = 4.000000;
	  f lod = 1.000000;
	  f near_plane = 0.100000;
		texture = Art\Bitmaps\Decals\b_d_switch-plate.%img%;
	  f vertical_meters = 4.000000;
	}
	[t:decal,n:*]
	{
		decal_orientation = 0.400090,0.101788,-0.910806,0.000000,0.993813,0.111065,0.916476,-0.044436,0.397614;
		decal_origin = 2.481796,-0.770050,-0.888891,0x0D9C4B8E;
	  f far_plane = 1.100000;
	  x guid = 0x07DFD979;
	  f horizontal_meters = 4.000000;
	  f lod = 1.000000;
	  f near_plane = 0.100000;
		texture = Art\Bitmaps\Decals\b_d_crack.%img%;
	  f vertical_meters = 4.000000;
	}
	[t:decal,n:*]
	{
		decal_orientation = 0.974928,-0.026065,-0.220989,0.000000,0.993116,-0.117136,0.222521,0.114199,0.968217;
		decal_origin = 1.062198,-2.540762,-2.245709,0x0D9C4B8E;
	  f far_plane = 1.100000;
	  x guid = 0xE655EA8F;
	  f horizontal_meters = 4.000000;
	  f lod = 1.000000;
	  f near_plane = 0.100000;
		texture = Art\Bitmaps\Decals\b_d_crack.%img%;
	  f vertical_meters = 4.000000;
	}
	[t:decal,n:*]
	{
		decal_orientation = -0.330279,-0.110019,-0.937450,0.000000,0.993184,-0.116559,0.943883,-0.038497,-0.328027;
		decal_origin = 1.785393,-2.514733,-1.343849,0x0D9C4B8E;
	  f far_plane = 1.100000;
	  x guid = 0xEACB166C;
	  f horizontal_meters = 4.000000;
	  f lod = 1.000000;
	  f near_plane = 0.100000;
		texture = Art\Bitmaps\Decals\b_d_crack.%img%;
	  f vertical_meters = 4.000000;
	}
	[t:decal,n:*]
	{
		decal_orientation = 0.351396,-0.631290,-0.691371,0.000000,0.738465,-0.674292,0.936227,0.236943,0.259494;
		decal_origin = 2.755383,-2.991706,-1.130463,0x0D9C4B8E;
	  f far_plane = 1.100000;
	  x guid = 0x9737DB59;
	  f horizontal_meters = 4.000000;
	  f lod = 1.000000;
	  f near_plane = 0.100000;
		texture = Art\Bitmaps\Decals\b_d_crack.%img%;
	  f vertical_meters = 4.000000;
	}
	[t:decal,n:*]
	{
		decal_orientation = 0.861300,-0.137871,-0.489034,0.000000,0.962482,-0.271347,0.508097,0.233711,0.828985;
		decal_origin = 1.791147,-1.685604,-1.712353,0x0D9C4B8E;
	  f far_plane = 1.100000;
	  x guid = 0x4041EAF5;
	  f horizontal_meters = 4.000000;
	  f lod = 1.000000;
	  f near_plane = 0.100000;
		texture = Art\Bitmaps\Decals\b_d_crack.%img%;
	  f vertical_meters = 4.000000;
	}
	[t:decal,n:*]
	{
		decal_orientation = 0.433884,-0.105016,-0.894828,0.000000,0.993184,-0.116559,0.900969,0.050573,0.430927;
		decal_origin = 2.597254,-2.882306,-0.968079,0x0D9C4B8E;
	  f far_plane = 1.100000;
	  x guid = 0x6C7736E2;
	  f horizontal_meters = 4.000000;
	  f lod = 1.000000;
	  f near_plane = 0.100000;
		texture = Art\Bitmaps\Decals\b_d_crack.%img%;
	  f vertical_meters = 4.000000;
	}
	[t:decal,n:*]
	{
		decal_orientation = 0.974928,-0.026065,-0.220989,0.000000,0.993116,-0.117136,0.222521,0.114199,0.968217;
		decal_origin = 0.651620,-2.428746,-2.325868,0x0D9C4B8E;
	  f far_plane = 1.100000;
	  x guid = 0x5503AA4F;
	  f horizontal_meters = 4.000000;
	  f lod = 1.000000;
	  f near_plane = 0.100000;
		texture = Art\Bitmaps\Decals\b_d_crack.%img%;
	  f vertical_meters = 4.000000;
	}
	[t:decal,n:*]
	{
		decal_orientation = 0.974928,-0.175126,-0.137282,0.000000,0.616940,-0.787010,0.222521,0.767278,0.601472;
		decal_origin = 1.228255,-2.666655,-2.327957,0x0D9C4B8E;
	  f far_plane = 1.100000;
	  x guid = 0xB0C27B65;
	  f horizontal_meters = 4.000000;
	  f lod = 1.000000;
	  f near_plane = 0.100000;
		texture = Art\Bitmaps\Decals\b_d_crack.%img%;
	  f vertical_meters = 4.000000;
	}
	[t:decal,n:*]
	{
		decal_orientation = 0.968310,0.067769,0.240381,0.000000,0.962481,-0.271347,-0.249752,0.262748,0.931980;
		decal_origin = 1.090042,-1.247690,-1.364044,0x0D9C4B8E;
	  f far_plane = 1.100000;
	  x guid = 0x94B3E9D7;
	  f horizontal_meters = 4.000000;
	  f lod = 1.000000;
	  f near_plane = 0.100000;
		texture = Art\Bitmaps\Decals\b_d_crack.%img%;
	  f vertical_meters = 4.000000;
	}
	[t:decal,n:*]
	{
		decal_orientation = 0.000000,-1.000000,0.000000,0.000000,0.000000,-1.000000,1.000000,0.000000,0.000000;
		decal_origin = 0.158577,5.000002,1.013565,0x0D9C4B8E;
	  f far_plane = 1.100000;
	  x guid = 0x436B303C;
	  f horizontal_meters = 4.000000;
	  f lod = 1.000000;
	  f near_plane = 0.100000;
		texture = Art\Bitmaps\Decals\b_d_sr02-a.%img%;
	  f vertical_meters = 4.000000;
	}
	[t:decal,n:*]
	{
		decal_orientation = 0.000000,-1.000000,0.000000,0.000000,0.000000,-1.000000,1.000000,0.000000,0.000000;
		decal_origin = 1.702344,5.000002,-0.391375,0x0D9C4B8E;
	  f far_plane = 1.100000;
	  x guid = 0x0AA15942;
	  f horizontal_meters = 4.000000;
	  f lod = 1.000000;
	  f near_plane = 0.100000;
		texture = Art\Bitmaps\Decals\b_d_sr02-a.%img%;
	  f vertical_meters = 4.000000;
	}
	[t:decal,n:*]
	{
		decal_orientation = 0.000000,-1.000000,-0.000000,0.000000,0.000000,-1.000000,1.000000,0.000000,0.000000;
		decal_origin = 0.508067,5.000000,-1.643628,0x0D9C4B8E;
	  f far_plane = 1.100000;
	  x guid = 0xE3BC8385;
	  f horizontal_meters = 4.000000;
	  f lod = 1.000000;
	  f near_plane = 0.100000;
		texture = Art\Bitmaps\Decals\b_d_sr02-a.%img%;
	  f vertical_meters = 4.000000;
	}
	[t:decal,n:*]
	{
		decal_orientation = 0.000000,-1.000000,-0.000000,0.000000,0.000000,-1.000000,1.000000,0.000000,0.000000;
		decal_origin = -1.296350,5.000000,-2.274578,0x0D9C4B8E;
	  f far_plane = 1.100000;
	  x guid = 0x6D68F8E3;
	  f horizontal_meters = 4.000000;
	  f lod = 1.000000;
	  f near_plane = 0.100000;
		texture = Art\Bitmaps\Decals\b_d_sr02-a.%img%;
	  f vertical_meters = 4.000000;
	}
	[t:decal,n:*]
	{
		decal_orientation = 0.000000,-1.000000,0.000000,0.000000,-0.000000,-1.000000,1.000000,0.000000,0.000000;
		decal_origin = -2.817063,5.000000,-0.972024,0x0D9C4B8E;
	  f far_plane = 1.100000;
	  x guid = 0x1CFE0003;
	  f horizontal_meters = 4.000000;
	  f lod = 1.000000;
	  f near_plane = 0.100000;
		texture = Art\Bitmaps\Decals\b_d_sr02-a.%img%;
	  f vertical_meters = 4.000000;
	}
	[t:decal,n:*]
	{
		decal_orientation = 0.000000,-1.000000,0.000000,0.000000,0.000000,-1.000000,1.000000,0.000000,0.000000;
		decal_origin = -2.297097,5.000000,0.425570,0x0D9C4B8E;
	  f far_plane = 1.100000;
	  x guid = 0x01DC9F47;
	  f horizontal_meters = 4.000000;
	  f lod = 1.000000;
	  f near_plane = 0.100000;
		texture = Art\Bitmaps\Decals\b_d_sr02-a.%img%;
	  f vertical_meters = 4.000000;
	}
	[t:decal,n:*]
	{
		decal_orientation = 0.000000,-1.000000,0.000000,0.000000,0.000000,-1.000000,1.000000,0.000000,0.000000;
		decal_origin = -1.181565,5.000002,-0.112293,0x0D9C4B8E;
	  f far_plane = 1.100000;
	  x guid = 0x32516FDE;
	  f horizontal_meters = 4.000000;
	  f lod = 1.000000;
	  f near_plane = 0.100000;
		texture = Art\Bitmaps\Decals\b_d_sr02-a.%img%;
	  f vertical_meters = 4.000000;
	}
	[t:decal,n:*]
	{
		decal_orientation = 0.000000,-1.000000,0.000000,0.000000,0.000000,-1.000000,1.000000,0.000000,0.000000;
		decal_origin = 0.773985,5.000000,2.043139,0x0D9C4B8E;
	  f far_plane = 1.100000;
	  x guid = 0xBEDC9171;
	  f horizontal_meters = 4.000000;
	  f lod = 1.000000;
	  f near_plane = 0.100000;
		texture = Art\Bitmaps\Decals\b_d_sr02-a.%img%;
	  f vertical_meters = 4.000000;
	}
	[t:decal,n:*]
	{
		decal_orientation = 0.994284,0.093830,0.050946,0.000000,0.477161,-0.878816,-0.106769,0.873793,0.474433;
		decal_origin = 0.588878,2.745607,3.210109,0xF0266537;
	  f far_plane = 1.100000;
	  x guid = 0xF39FCAB0;
	  f horizontal_meters = 4.000000;
	  f lod = 1.000000;
	  f near_plane = 0.100000;
		texture = Art\Bitmaps\Decals\b_d_for01-a.%img%;
	  f vertical_meters = 4.000000;
	}
}
