[decals]
{
	[t:decal,n:*]
	{
		decal_orientation = -0.039967,-0.988129,-0.148338,0.000000,0.148456,-0.988919,0.999201,-0.039525,-0.005933;
		decal_origin = -2.096004,-2.764529,-1.561011,0xF878A8C3;
	  f far_plane = 1.100000;
	  x guid = 0x3EEE0639;
	  f horizontal_meters = 4.000000;
	  f lod = 1.000000;
	  f near_plane = 0.100000;
		texture = Art\Bitmaps\Decals\b_d_grs01-a.%img%;
	  f vertical_meters = 4.000000;
	}
	[t:decal,n:*]
	{
		decal_orientation = 0.000000,-0.997055,-0.076696,0.000000,0.076696,-0.997055,1.000000,0.000000,0.000000;
		decal_origin = -0.079259,-2.990946,-1.786947,0xF878A8C3;
	  f far_plane = 1.100000;
	  x guid = 0x1024E991;
	  f horizontal_meters = 4.000000;
	  f lod = 1.000000;
	  f near_plane = 0.100000;
		texture = Art\Bitmaps\Decals\b_d_grs01-a.%img%;
	  f vertical_meters = 4.000000;
	}
	[t:decal,n:*]
	{
		decal_orientation = -0.605083,0.794543,0.050744,0.000000,0.063736,-0.997967,-0.796162,-0.603853,-0.038565;
		decal_origin = 1.308564,-2.919581,-1.056523,0xF878A8C3;
	  f far_plane = 1.100000;
	  x guid = 0xA3086FA1;
	  f horizontal_meters = 4.000000;
	  f lod = 1.000000;
	  f near_plane = 0.100000;
		texture = Art\Bitmaps\Decals\b_d_grs01-a.%img%;
	  f vertical_meters = 4.000000;
	}
	[t:decal,n:*]
	{
		decal_orientation = -0.605083,0.794543,0.050744,0.000000,0.063736,-0.997967,-0.796162,-0.603853,-0.038565;
		decal_origin = 2.462055,-2.854884,-1.212926,0xF878A8C3;
	  f far_plane = 1.100000;
	  x guid = 0x5A224FB6;
	  f horizontal_meters = 4.000000;
	  f lod = 1.000000;
	  f near_plane = 0.100000;
		texture = Art\Bitmaps\Decals\b_d_grs01-a.%img%;
	  f vertical_meters = 4.000000;
	}
}
