[decals]
{
	[t:decal,n:*]
	{
		decal_orientation = -0.216931,-0.976073,-0.014924,0.000000,0.015288,-0.999883,0.976187,-0.216905,-0.003316;
		decal_origin = -2.239810,-10.965475,-1.395429,0x1898782C;
	  f far_plane = 1.100000;
	  x guid = 0xC0564575;
	  f horizontal_meters = 4.000000;
	  f lod = 1.000000;
	  f near_plane = 0.100000;
		texture = Art\Bitmaps\Decals\b_d_grs01-a.%img%;
	  f vertical_meters = 4.000000;
	}
	[t:decal,n:*]
	{
		decal_orientation = -0.055470,-0.998338,-0.015623,0.000000,0.015647,-0.999878,0.998460,-0.055463,-0.000868;
		decal_origin = -0.453635,-10.992572,-1.351537,0x1898782C;
	  f far_plane = 1.100000;
	  x guid = 0x231B1B6E;
	  f horizontal_meters = 4.000000;
	  f lod = 1.000000;
	  f near_plane = 0.100000;
		texture = Art\Bitmaps\Decals\b_d_grs01-a.%img%;
	  f vertical_meters = 4.000000;
	}
	[t:decal,n:*]
	{
		decal_orientation = 0.055470,0.998334,0.015871,0.000000,0.015896,-0.999874,-0.998460,0.055463,0.000882;
		decal_origin = 1.663924,-10.973589,-1.241500,0x1898782C;
	  f far_plane = 1.100000;
	  x guid = 0x4CF9E557;
	  f horizontal_meters = 4.000000;
	  f lod = 1.000000;
	  f near_plane = 0.100000;
		texture = Art\Bitmaps\Decals\b_d_grs01-a.%img%;
	  f vertical_meters = 4.000000;
	}
	[t:decal,n:*]
	{
		decal_orientation = -0.874791,0.483318,0.033816,0.000000,0.069795,-0.997561,-0.484500,-0.872658,-0.061056;
		decal_origin = 2.453474,-10.947776,-1.482161,0x1898782C;
	  f far_plane = 1.100000;
	  x guid = 0x345B8F80;
	  f horizontal_meters = 4.000000;
	  f lod = 1.000000;
	  f near_plane = 0.100000;
		texture = Art\Bitmaps\Decals\b_d_grs01-a.%img%;
	  f vertical_meters = 4.000000;
	}
	[t:decal,n:*]
	{
		decal_orientation = -0.039967,-0.988129,-0.148338,0.000000,0.148456,-0.988919,0.999201,-0.039525,-0.005933;
		decal_origin = -2.096004,-2.764529,-1.561011,0xF878A8C3;
	  f far_plane = 1.100000;
	  x guid = 0x3EEE0639;
	  f horizontal_meters = 4.000000;
	  f lod = 1.000000;
	  f near_plane = 0.100000;
		texture = Art\Bitmaps\Decals\b_d_grs01-a.%img%;
	  f vertical_meters = 4.000000;
	}
	[t:decal,n:*]
	{
		decal_orientation = 0.000000,-0.997055,-0.076696,0.000000,0.076696,-0.997055,1.000000,0.000000,0.000000;
		decal_origin = -0.079259,-2.990946,-1.786947,0xF878A8C3;
	  f far_plane = 1.100000;
	  x guid = 0x1024E991;
	  f horizontal_meters = 4.000000;
	  f lod = 1.000000;
	  f near_plane = 0.100000;
		texture = Art\Bitmaps\Decals\b_d_grs01-a.%img%;
	  f vertical_meters = 4.000000;
	}
	[t:decal,n:*]
	{
		decal_orientation = -0.605083,0.794543,0.050744,0.000000,0.063736,-0.997967,-0.796162,-0.603853,-0.038565;
		decal_origin = 1.308564,-2.919581,-1.056523,0xF878A8C3;
	  f far_plane = 1.100000;
	  x guid = 0xA3086FA1;
	  f horizontal_meters = 4.000000;
	  f lod = 1.000000;
	  f near_plane = 0.100000;
		texture = Art\Bitmaps\Decals\b_d_grs01-a.%img%;
	  f vertical_meters = 4.000000;
	}
	[t:decal,n:*]
	{
		decal_orientation = -0.605083,0.794543,0.050744,0.000000,0.063736,-0.997967,-0.796162,-0.603853,-0.038565;
		decal_origin = 2.462055,-2.854884,-1.212926,0xF878A8C3;
	  f far_plane = 1.100000;
	  x guid = 0x5A224FB6;
	  f horizontal_meters = 4.000000;
	  f lod = 1.000000;
	  f near_plane = 0.100000;
		texture = Art\Bitmaps\Decals\b_d_grs01-a.%img%;
	  f vertical_meters = 4.000000;
	}
}
