[decals]
{
	[t:decal,n:*]
	{
		decal_orientation = 1.000000,0.000000,0.000000,0.000000,0.987167,-0.159689,0.000000,0.159689,0.987167;
		decal_origin = 3.332985,-11.348932,-5.731209,0x3DBDD4B0;
	  f far_plane = 1.100000;
	  x guid = 0xB701D8EA;
	  f horizontal_meters = 4.000000;
	  f lod = 1.000000;
	  f near_plane = 0.100000;
		texture = Art\Bitmaps\Decals\b_d_sr02-a.%img%;
	  f vertical_meters = 4.000000;
	}
	[t:decal,n:*]
	{
		decal_orientation = 0.913231,-0.005724,0.407401,0.000000,0.999901,0.014048,-0.407442,-0.012829,0.913141;
		decal_origin = -3.746947,-11.702399,-5.681829,0x3DBDD4B0;
	  f far_plane = 1.100000;
	  x guid = 0xDCBA3BBD;
	  f horizontal_meters = 4.000000;
	  f lod = 1.000000;
	  f near_plane = 0.100000;
		texture = Art\Bitmaps\Decals\b_d_sr02-a.%img%;
	  f vertical_meters = 4.000000;
	}
	[t:decal,n:*]
	{
		decal_orientation = 0.913231,-0.005724,0.407401,0.000000,0.999901,0.014048,-0.407442,-0.012829,0.913141;
		decal_origin = -3.880693,-12.565410,-5.608883,0x3DBDD4B0;
	  f far_plane = 1.100000;
	  x guid = 0x54990F18;
	  f horizontal_meters = 11.999999;
	  f lod = 1.000000;
	  f near_plane = 0.100000;
		texture = Art\Bitmaps\Decals\b_d_sr02-a.%img%;
	  f vertical_meters = 11.999999;
	}
	[t:decal,n:*]
	{
		decal_orientation = 1.000000,0.000000,0.000000,0.000000,0.999800,-0.019996,0.000000,0.019996,0.999800;
		decal_origin = 3.495341,-6.394995,-5.428101,0x3DBDD4B0;
	  f far_plane = 1.100000;
	  x guid = 0x487E85D0;
	  f horizontal_meters = 11.999999;
	  f lod = 1.000000;
	  f near_plane = 0.100000;
		texture = Art\Bitmaps\Decals\b_d_sr02-a.%img%;
	  f vertical_meters = 11.999999;
	}
	[t:decal,n:*]
	{
		decal_orientation = 0.768221,-0.040493,-0.638903,0.000000,0.997998,-0.063251,0.640184,0.048591,0.766683;
		decal_origin = 4.328263,1.556572,-4.702348,0x3DBDD4B0;
	  f far_plane = 1.100000;
	  x guid = 0x88AE396E;
	  f horizontal_meters = 11.999999;
	  f lod = 1.000000;
	  f near_plane = 0.100000;
		texture = Art\Bitmaps\Decals\b_d_sr02-a.%img%;
	  f vertical_meters = 11.999999;
	}
	[t:decal,n:*]
	{
		decal_orientation = 0.882353,-0.024879,-0.469930,0.000000,0.998602,-0.052867,0.470588,0.046647,0.881119;
		decal_origin = 4.092942,5.875791,-4.532804,0x3DBDD4B0;
	  f far_plane = 1.100000;
	  x guid = 0xB6E794B4;
	  f horizontal_meters = 11.999999;
	  f lod = 1.000000;
	  f near_plane = 0.100000;
		texture = Art\Bitmaps\Decals\b_d_sr02-a.%img%;
	  f vertical_meters = 11.999999;
	}
	[t:decal,n:*]
	{
		decal_orientation = 1.000000,0.000000,0.000000,0.000000,0.998618,-0.052559,0.000000,0.052559,0.998618;
		decal_origin = -3.274738,15.569345,-3.813525,0x3DBDD4B0;
	  f far_plane = 1.100000;
	  x guid = 0x1D8FA766;
	  f horizontal_meters = 11.999999;
	  f lod = 1.000000;
	  f near_plane = 0.100000;
		texture = Art\Bitmaps\Decals\b_d_sr02-a.%img%;
	  f vertical_meters = 11.999999;
	}
	[t:decal,n:*]
	{
		decal_orientation = 0.916157,-0.035208,-0.399270,0.000000,0.996135,-0.087839,0.400819,0.080475,0.912616;
		decal_origin = 2.118062,-3.338545,-5.427934,0x0F8824A3;
	  f far_plane = 1.100000;
	  x guid = 0x11219399;
	  f horizontal_meters = 4.000000;
	  f lod = 1.000000;
	  f near_plane = 0.100000;
		texture = Art\Bitmaps\Decals\b_d_sr02-a.%img%;
	  f vertical_meters = 4.000000;
	}
	[t:decal,n:*]
	{
		decal_orientation = 0.996546,-0.001517,-0.083032,0.000000,0.999833,-0.018267,0.083045,0.018204,0.996379;
		decal_origin = 3.136026,-4.985626,-5.417036,0x0F8824A3;
	  f far_plane = 1.100000;
	  x guid = 0x9A6853A0;
	  f horizontal_meters = 4.000000;
	  f lod = 1.000000;
	  f near_plane = 0.100000;
		texture = Art\Bitmaps\Decals\b_d_sr02-a.%img%;
	  f vertical_meters = 4.000000;
	}
	[t:decal,n:*]
	{
		decal_orientation = 0.916157,-0.035208,-0.399270,0.000000,0.996135,-0.087839,0.400819,0.080475,0.912616;
		decal_origin = 3.421551,-9.668455,-5.466913,0x0F8824A3;
	  f far_plane = 1.100000;
	  x guid = 0x7911D478;
	  f horizontal_meters = 4.000000;
	  f lod = 1.000000;
	  f near_plane = 0.100000;
		texture = Art\Bitmaps\Decals\b_d_sr02-a.%img%;
	  f vertical_meters = 4.000000;
	}
	[t:decal,n:*]
	{
		decal_orientation = 0.916157,-0.035208,-0.399270,0.000000,0.996135,-0.087839,0.400819,0.080475,0.912616;
		decal_origin = 1.300280,-9.853579,-6.412786,0x0F8824A3;
	  f far_plane = 1.100000;
	  x guid = 0x978ABA8B;
	  f horizontal_meters = 4.000000;
	  f lod = 1.000000;
	  f near_plane = 0.100000;
		texture = Art\Bitmaps\Decals\b_d_sr02-a.%img%;
	  f vertical_meters = 4.000000;
	}
	[t:decal,n:*]
	{
		decal_orientation = 0.919923,-0.032411,0.390757,0.000000,0.996578,0.082660,-0.392098,-0.076041,0.916775;
		decal_origin = -1.648381,-10.278441,-6.263087,0x0F8824A3;
	  f far_plane = 1.100000;
	  x guid = 0x51161805;
	  f horizontal_meters = 4.000000;
	  f lod = 1.000000;
	  f near_plane = 0.100000;
		texture = Art\Bitmaps\Decals\b_d_sr02-a.%img%;
	  f vertical_meters = 4.000000;
	}
	[t:decal,n:*]
	{
		decal_orientation = 0.996546,-0.003995,-0.082949,0.000000,0.998842,-0.048111,0.083045,0.047944,0.995392;
		decal_origin = 1.485292,0.394256,-5.445131,0x0F8824A3;
	  f far_plane = 1.100000;
	  x guid = 0xA43097A4;
	  f horizontal_meters = 11.999999;
	  f lod = 1.000000;
	  f near_plane = 0.100000;
		texture = Art\Bitmaps\Decals\b_d_sr02-a.%img%;
	  f vertical_meters = 11.999999;
	}
	[t:decal,n:*]
	{
		decal_orientation = 0.894427,0.022970,0.446623,0.000000,0.998680,-0.051362,-0.447214,0.045939,0.893247;
		decal_origin = -2.515852,0.411894,-5.237901,0x0F8824A3;
	  f far_plane = 1.100000;
	  x guid = 0x5D70C5AC;
	  f horizontal_meters = 11.999999;
	  f lod = 1.000000;
	  f near_plane = 0.100000;
		texture = Art\Bitmaps\Decals\b_d_sr02-a.%img%;
	  f vertical_meters = 11.999999;
	}
	[t:decal,n:*]
	{
		decal_orientation = 0.988936,-0.020166,-0.146963,0.000000,0.990717,-0.135941,0.148340,0.134437,0.979756;
		decal_origin = -0.612203,0.875466,-5.091021,0x0F8824A3;
	  f far_plane = 1.100000;
	  x guid = 0x36D200C3;
	  f horizontal_meters = 11.999999;
	  f lod = 1.000000;
	  f near_plane = 0.100000;
		texture = Art\Bitmaps\Decals\b_d_sr02-a.%img%;
	  f vertical_meters = 11.999999;
	}
	[t:decal,n:*]
	{
		decal_orientation = 0.988936,-0.000623,-0.148339,0.000000,0.999991,-0.004203,0.148340,0.004156,0.988928;
		decal_origin = -1.336499,-1.932906,-5.319885,0x0F8824A3;
	  f far_plane = 1.100000;
	  x guid = 0x62C1B1BA;
	  f horizontal_meters = 11.999999;
	  f lod = 1.000000;
	  f near_plane = 0.100000;
		texture = Art\Bitmaps\Decals\b_d_sr02-a.%img%;
	  f vertical_meters = 11.999999;
	}
	[t:decal,n:*]
	{
		decal_orientation = 0.919923,0.064054,0.386831,0.000000,0.986566,-0.163362,-0.392098,0.150280,0.907565;
		decal_origin = -1.948710,-5.617526,-5.382405,0x0F8824A3;
	  f far_plane = 1.100000;
	  x guid = 0xF84FEEC2;
	  f horizontal_meters = 11.999999;
	  f lod = 1.000000;
	  f near_plane = 0.100000;
		texture = Art\Bitmaps\Decals\b_d_sr02-a.%img%;
	  f vertical_meters = 11.999999;
	}
	[t:decal,n:*]
	{
		decal_orientation = 0.894427,0.028939,0.446276,0.000000,0.997904,-0.064710,-0.447214,0.057878,0.892553;
		decal_origin = -3.407423,-5.680520,-5.228509,0x0F8824A3;
	  f far_plane = 1.100000;
	  x guid = 0xE34AE70C;
	  f horizontal_meters = 11.999999;
	  f lod = 1.000000;
	  f near_plane = 0.100000;
		texture = Art\Bitmaps\Decals\b_d_sr02-a.%img%;
	  f vertical_meters = 11.999999;
	}
	[t:decal,n:*]
	{
		decal_orientation = 0.999800,0.002577,0.019829,0.000000,0.991659,-0.128890,-0.019996,0.128864,0.991461;
		decal_origin = -2.780499,-10.468286,-5.674881,0x0F8824A3;
	  f far_plane = 1.100000;
	  x guid = 0xD3C2C030;
	  f horizontal_meters = 11.999999;
	  f lod = 1.000000;
	  f near_plane = 0.100000;
		texture = Art\Bitmaps\Decals\b_d_sr02-a.%img%;
	  f vertical_meters = 11.999999;
	}
	[t:decal,n:*]
	{
		decal_orientation = 0.916157,-0.035208,-0.399270,0.000000,0.996135,-0.087839,0.400819,0.080475,0.912616;
		decal_origin = 2.231965,-7.124929,-5.742540,0x0F8824A3;
	  f far_plane = 1.100000;
	  x guid = 0x6F028636;
	  f horizontal_meters = 11.999999;
	  f lod = 1.000000;
	  f near_plane = 0.100000;
		texture = Art\Bitmaps\Decals\b_d_sr02-a.%img%;
	  f vertical_meters = 11.999999;
	}
	[t:decal,n:*]
	{
		decal_orientation = 0.928477,0.000000,0.371390,0.000000,1.000000,0.000000,-0.371390,0.000000,0.928477;
		decal_origin = -0.051768,5.869423,-5.156327,0x0F8824A3;
	  f far_plane = 1.100000;
	  x guid = 0x43A7FDD1;
	  f horizontal_meters = 11.999999;
	  f lod = 1.000000;
	  f near_plane = 0.100000;
		texture = Art\Bitmaps\Decals\b_d_sr02-a.%img%;
	  f vertical_meters = 11.999999;
	}
	[t:decal,n:*]
	{
		decal_orientation = 0.996546,-0.003995,-0.082949,0.000000,0.998842,-0.048111,0.083045,0.047944,0.995392;
		decal_origin = 0.705628,5.192894,-5.278170,0x0F8824A3;
	  f far_plane = 1.100000;
	  x guid = 0x0200B45A;
	  f horizontal_meters = 11.999999;
	  f lod = 1.000000;
	  f near_plane = 0.100000;
		texture = Art\Bitmaps\Decals\b_d_sr02-a.%img%;
	  f vertical_meters = 11.999999;
	}
	[t:decal,n:*]
	{
		decal_orientation = 0.894427,0.022970,0.446623,0.000000,0.998680,-0.051362,-0.447214,0.045939,0.893247;
		decal_origin = -3.320536,5.639031,-4.534999,0x0F8824A3;
	  f far_plane = 1.100000;
	  x guid = 0x0BF2B555;
	  f horizontal_meters = 11.999999;
	  f lod = 1.000000;
	  f near_plane = 0.100000;
		texture = Art\Bitmaps\Decals\b_d_sr02-a.%img%;
	  f vertical_meters = 11.999999;
	}
	[t:decal,n:*]
	{
		decal_orientation = 0.988936,-0.020166,-0.146963,0.000000,0.990717,-0.135941,0.148340,0.134437,0.979756;
		decal_origin = -2.688845,7.372620,-4.501036,0x0F8824A3;
	  f far_plane = 1.100000;
	  x guid = 0xEC063030;
	  f horizontal_meters = 11.999999;
	  f lod = 1.000000;
	  f near_plane = 0.100000;
		texture = Art\Bitmaps\Decals\b_d_sr02-a.%img%;
	  f vertical_meters = 11.999999;
	}
	[t:decal,n:*]
	{
		decal_orientation = 0.988372,-0.010839,-0.151670,0.000000,0.997456,-0.071285,0.152057,0.070456,0.985857;
		decal_origin = 2.691504,8.473091,-4.810673,0x0F8824A3;
	  f far_plane = 1.100000;
	  x guid = 0x752ACFB4;
	  f horizontal_meters = 11.999999;
	  f lod = 1.000000;
	  f near_plane = 0.100000;
		texture = Art\Bitmaps\Decals\b_d_sr02-a.%img%;
	  f vertical_meters = 11.999999;
	}
	[t:decal,n:*]
	{
		decal_orientation = 0.988372,-0.043226,-0.145784,0.000000,0.958742,-0.284278,0.152057,0.280972,0.947593;
		decal_origin = 3.312179,11.540492,-4.183589,0x0F8824A3;
	  f far_plane = 1.100000;
	  x guid = 0xFED8877A;
	  f horizontal_meters = 11.999999;
	  f lod = 1.000000;
	  f near_plane = 0.100000;
		texture = Art\Bitmaps\Decals\b_d_sr02-a.%img%;
	  f vertical_meters = 11.999999;
	}
	[t:decal,n:*]
	{
		decal_orientation = 0.990767,0.041860,0.128955,0.000000,0.951144,-0.308747,-0.135579,0.305897,0.942362;
		decal_origin = -0.982879,11.370383,-4.577684,0x0F8824A3;
	  f far_plane = 1.100000;
	  x guid = 0xF4B14BD8;
	  f horizontal_meters = 11.999999;
	  f lod = 1.000000;
	  f near_plane = 0.100000;
		texture = Art\Bitmaps\Decals\b_d_sr02-a.%img%;
	  f vertical_meters = 11.999999;
	}
	[t:decal,n:*]
	{
		decal_orientation = 0.963730,0.025601,0.265648,0.000000,0.995388,-0.095928,-0.266879,0.092449,0.959286;
		decal_origin = -1.670429,10.246984,-4.655164,0x0F8824A3;
	  f far_plane = 1.100000;
	  x guid = 0xED3D50BD;
	  f horizontal_meters = 11.999999;
	  f lod = 1.000000;
	  f near_plane = 0.100000;
		texture = Art\Bitmaps\Decals\b_d_sr02-a.%img%;
	  f vertical_meters = 11.999999;
	}
	[t:decal,n:*]
	{
		decal_orientation = 0.994846,0.005302,0.101257,0.000000,0.998632,-0.052289,-0.101396,0.052019,0.993485;
		decal_origin = -2.291845,13.307103,-4.035419,0x0F8824A3;
	  f far_plane = 1.100000;
	  x guid = 0x7F19CEE6;
	  f horizontal_meters = 11.999999;
	  f lod = 1.000000;
	  f near_plane = 0.100000;
		texture = Art\Bitmaps\Decals\b_d_sr02-a.%img%;
	  f vertical_meters = 11.999999;
	}
	[t:decal,n:*]
	{
		decal_orientation = 1.000000,0.000000,0.000000,0.000000,0.989359,-0.145494,0.000000,0.145494,0.989359;
		decal_origin = 0.990774,14.513602,-3.999932,0x0F8824A3;
	  f far_plane = 1.100000;
	  x guid = 0x99555B63;
	  f horizontal_meters = 11.999999;
	  f lod = 1.000000;
	  f near_plane = 0.100000;
		texture = Art\Bitmaps\Decals\b_d_sr02-a.%img%;
	  f vertical_meters = 11.999999;
	}
	[t:decal,n:*]
	{
		decal_orientation = 0.995439,-0.004991,-0.095269,0.000000,0.998630,-0.052320,0.095399,0.052081,0.994076;
		decal_origin = 3.168913,14.249766,-3.895323,0x0F8824A3;
	  f far_plane = 1.100000;
	  x guid = 0x0C17F6A6;
	  f horizontal_meters = 11.999999;
	  f lod = 1.000000;
	  f near_plane = 0.100000;
		texture = Art\Bitmaps\Decals\b_d_sr02-a.%img%;
	  f vertical_meters = 11.999999;
	}
	[t:decal,n:*]
	{
		decal_orientation = 1.000000,0.000000,0.000000,0.000000,0.242534,-0.970143,0.000000,0.970143,0.242534;
		decal_origin = 2.042372,16.788742,-2.968137,0x0F8824A3;
	  f far_plane = 1.100000;
	  x guid = 0xDF7A3264;
	  f horizontal_meters = 11.999999;
	  f lod = 1.000000;
	  f near_plane = 0.100000;
		texture = Art\Bitmaps\Decals\b_d_sr02-a.%img%;
	  f vertical_meters = 11.999999;
	}
	[t:decal,n:*]
	{
		decal_orientation = 1.000000,0.000000,0.000000,0.000000,0.242534,-0.970143,0.000000,0.970143,0.242534;
		decal_origin = -2.968045,16.881212,-2.598268,0x0F8824A3;
	  f far_plane = 1.100000;
	  x guid = 0x0EEC630E;
	  f horizontal_meters = 11.999999;
	  f lod = 1.000000;
	  f near_plane = 0.100000;
		texture = Art\Bitmaps\Decals\b_d_sr02-a.%img%;
	  f vertical_meters = 11.999999;
	}
	[t:decal,n:*]
	{
		decal_orientation = 0.916157,0.024716,-0.400056,0.000000,0.998097,0.061663,0.400819,-0.056493,0.914414;
		decal_origin = 2.118239,-10.919462,-6.004864,0x0F8824A3;
	  f far_plane = 1.100000;
	  x guid = 0xEF28551F;
	  f horizontal_meters = 11.999999;
	  f lod = 1.000000;
	  f near_plane = 0.100000;
		texture = Art\Bitmaps\Decals\b_d_sr02-a.%img%;
	  f vertical_meters = 11.999999;
	}
	[t:decal,n:*]
	{
		decal_orientation = 0.919923,0.064054,0.386831,0.000000,0.986566,-0.163362,-0.392098,0.150280,0.907565;
		decal_origin = -0.580496,-8.310805,-6.450372,0x0F8824A3;
	  f far_plane = 1.100000;
	  x guid = 0x74802130;
	  f horizontal_meters = 11.999999;
	  f lod = 1.000000;
	  f near_plane = 0.100000;
		texture = Art\Bitmaps\Decals\b_d_sr02-a.%img%;
	  f vertical_meters = 11.999999;
	}
}
