[decals]
{
	[t:decal,n:*]
	{
		decal_orientation = -0.115877,-0.989367,-0.087889,0.000000,0.088485,-0.996077,0.993264,-0.115423,-0.010253;
		decal_origin = -0.982691,-4.915803,2.626639,0xD5D06B4F;
	  f far_plane = 1.100000;
	  x guid = 0x5AED5C1D;
	  f horizontal_meters = 4.000000;
	  f lod = 1.000000;
	  f near_plane = 0.100000;
		texture = Art\Bitmaps\Decals\b_d_grs01-a.%img%;
	  f vertical_meters = 4.000000;
	}
	[t:decal,n:*]
	{
		decal_orientation = 0.480313,0.872818,0.086532,0.000000,0.098657,-0.995121,-0.877097,0.477970,0.047386;
		decal_origin = 1.265250,-4.864535,2.705273,0xD5D06B4F;
	  f far_plane = 1.100000;
	  x guid = 0x3C5BBA1B;
	  f horizontal_meters = 4.000000;
	  f lod = 1.000000;
	  f near_plane = 0.100000;
		texture = Art\Bitmaps\Decals\b_d_grs01-a.%img%;
	  f vertical_meters = 4.000000;
	}
	[t:decal,n:*]
	{
		decal_orientation = -0.072973,-0.992786,-0.095135,0.000000,0.095389,-0.995440,0.997334,-0.072641,-0.006961;
		decal_origin = -1.678741,-4.849718,2.323870,0xD5D06B4F;
	  f far_plane = 1.100000;
	  x guid = 0xD2CE0915;
	  f horizontal_meters = 4.000000;
	  f lod = 1.000000;
	  f near_plane = 0.100000;
		texture = Art\Bitmaps\Decals\b_d_grs01-a.%img%;
	  f vertical_meters = 4.000000;
	}
	[t:decal,n:*]
	{
		decal_orientation = -0.115877,-0.989367,-0.087889,0.000000,0.088485,-0.996077,0.993264,-0.115423,-0.010253;
		decal_origin = -1.670388,-4.849904,2.236474,0xD5D06B4F;
	  f far_plane = 1.100000;
	  x guid = 0xAEBFA754;
	  f horizontal_meters = 4.000000;
	  f lod = 1.000000;
	  f near_plane = 0.100000;
		texture = Art\Bitmaps\Decals\b_d_grs01-a.%img%;
	  f vertical_meters = 4.000000;
	}
	[t:decal,n:*]
	{
		decal_orientation = -0.115877,-0.989367,-0.087889,0.000000,0.088485,-0.996077,0.993264,-0.115423,-0.010253;
		decal_origin = 1.832484,-4.841187,2.159772,0xD5D06B4F;
	  f far_plane = 1.100000;
	  x guid = 0xFBE1962E;
	  f horizontal_meters = 4.000000;
	  f lod = 1.000000;
	  f near_plane = 0.100000;
		texture = Art\Bitmaps\Decals\b_d_grs01-a.%img%;
	  f vertical_meters = 4.000000;
	}
	[t:decal,n:*]
	{
		decal_orientation = -0.115877,-0.989367,-0.087889,0.000000,0.088485,-0.996077,0.993264,-0.115423,-0.010253;
		decal_origin = 1.064584,-4.888235,2.654530,0xD5D06B4F;
	  f far_plane = 1.100000;
	  x guid = 0xAFB0B732;
	  f horizontal_meters = 4.000000;
	  f lod = 1.000000;
	  f near_plane = 0.100000;
		texture = Art\Bitmaps\Decals\b_d_grs01-a.%img%;
	  f vertical_meters = 4.000000;
	}
	[t:decal,n:*]
	{
		decal_orientation = -0.115877,-0.989367,-0.087889,0.000000,0.088485,-0.996077,0.993264,-0.115423,-0.010253;
		decal_origin = 0.464560,-4.961309,2.539936,0xD5D06B4F;
	  f far_plane = 1.100000;
	  x guid = 0xF47F398D;
	  f horizontal_meters = 4.000000;
	  f lod = 1.000000;
	  f near_plane = 0.100000;
		texture = Art\Bitmaps\Decals\b_d_grs01-a.%img%;
	  f vertical_meters = 4.000000;
	}
}
