[decals]
{
	[t:decal,n:*]
	{
		decal_orientation = -0.072973,-0.992786,-0.095135,0.000000,0.095389,-0.995440,0.997334,-0.072641,-0.006961;
		decal_origin = -1.404806,-4.879798,2.881708,0x933C5BA3;
	  f far_plane = 1.100000;
	  x guid = 0xB3B6DEED;
	  f horizontal_meters = 4.000000;
	  f lod = 1.000000;
	  f near_plane = 0.100000;
		texture = Art\Bitmaps\Decals\b_d_grs01-a.%img%;
	  f vertical_meters = 4.000000;
	}
	[t:decal,n:*]
	{
		decal_orientation = 0.000000,0.993409,0.114624,0.000000,0.114624,-0.993409,-1.000000,0.000000,0.000000;
		decal_origin = 0.316231,-4.956878,3.132926,0x933C5BA3;
	  f far_plane = 1.100000;
	  x guid = 0xBF637E61;
	  f horizontal_meters = 4.000000;
	  f lod = 1.000000;
	  f near_plane = 0.100000;
		texture = Art\Bitmaps\Decals\b_d_grs01-a.%img%;
	  f vertical_meters = 4.000000;
	}
	[t:decal,n:*]
	{
		decal_orientation = -0.084800,0.995666,0.038183,0.000000,0.038321,-0.999266,-0.996398,-0.084738,-0.003250;
		decal_origin = 1.891555,-4.826918,3.128118,0x933C5BA3;
	  f far_plane = 1.100000;
	  x guid = 0xF9BAF93E;
	  f horizontal_meters = 4.000000;
	  f lod = 1.000000;
	  f near_plane = 0.100000;
		texture = Art\Bitmaps\Decals\b_d_grs01-a.%img%;
	  f vertical_meters = 4.000000;
	}
}
