[decals]
{
	[t:decal,n:*]
	{
		decal_orientation = -0.072973,-0.992786,-0.095135,0.000000,0.095389,-0.995440,0.997334,-0.072641,-0.006961;
		decal_origin = -1.879619,-4.832569,2.617143,0x2D4D6F94;
	  f far_plane = 1.100000;
	  x guid = 0x023FBDFA;
	  f horizontal_meters = 4.000000;
	  f lod = 1.000000;
	  f near_plane = 0.100000;
		texture = Art\Bitmaps\Decals\b_d_grs01-a.%img%;
	  f vertical_meters = 4.000000;
	}
	[t:decal,n:*]
	{
		decal_orientation = -0.115877,-0.989367,-0.087889,0.000000,0.088485,-0.996077,0.993264,-0.115423,-0.010253;
		decal_origin = -0.709199,-4.938387,2.476289,0x2D4D6F94;
	  f far_plane = 1.100000;
	  x guid = 0x89D49AA0;
	  f horizontal_meters = 4.000000;
	  f lod = 1.000000;
	  f near_plane = 0.100000;
		texture = Art\Bitmaps\Decals\b_d_grs01-a.%img%;
	  f vertical_meters = 4.000000;
	}
	[t:decal,n:*]
	{
		decal_orientation = 0.381486,0.917257,0.114496,0.000000,0.123863,-0.992299,-0.924375,0.378548,0.047252;
		decal_origin = 0.767478,-4.924828,2.605983,0x2D4D6F94;
	  f far_plane = 1.100000;
	  x guid = 0x9CAB4FAC;
	  f horizontal_meters = 4.000000;
	  f lod = 1.000000;
	  f near_plane = 0.100000;
		texture = Art\Bitmaps\Decals\b_d_grs01-a.%img%;
	  f vertical_meters = 4.000000;
	}
	[t:decal,n:*]
	{
		decal_orientation = -0.155963,0.987033,0.037972,0.000000,0.038442,-0.999261,-0.987763,-0.155847,-0.005996;
		decal_origin = 2.196005,-4.814388,2.912767,0x2D4D6F94;
	  f far_plane = 1.100000;
	  x guid = 0xF5E11307;
	  f horizontal_meters = 4.000000;
	  f lod = 1.000000;
	  f near_plane = 0.100000;
		texture = Art\Bitmaps\Decals\b_d_grs01-a.%img%;
	  f vertical_meters = 4.000000;
	}
}
