[decals]
{
	[t:decal,n:*]
	{
		decal_orientation = -0.155963,0.987033,0.037972,0.000000,0.038442,-0.999261,-0.987763,-0.155847,-0.005996;
		decal_origin = 1.780612,-4.828687,2.665289,0x55594513;
	  f far_plane = 1.100000;
	  x guid = 0x42144511;
	  f horizontal_meters = 4.000000;
	  f lod = 1.000000;
	  f near_plane = 0.100000;
		texture = Art\Bitmaps\Decals\b_d_grs01-a.%img%;
	  f vertical_meters = 4.000000;
	}
	[t:decal,n:*]
	{
		decal_orientation = 0.000000,0.997054,0.076697,0.000000,0.076697,-0.997054,-1.000000,0.000000,0.000000;
		decal_origin = 0.148785,-4.985602,2.741936,0x55594513;
	  f far_plane = 1.100000;
	  x guid = 0xB22A9F10;
	  f horizontal_meters = 4.000000;
	  f lod = 1.000000;
	  f near_plane = 0.100000;
		texture = Art\Bitmaps\Decals\b_d_grs01-a.%img%;
	  f vertical_meters = 4.000000;
	}
	[t:decal,n:*]
	{
		decal_orientation = -0.115877,-0.989367,-0.087889,0.000000,0.088485,-0.996077,0.993264,-0.115423,-0.010253;
		decal_origin = -1.340915,-4.881877,2.401211,0x55594513;
	  f far_plane = 1.100000;
	  x guid = 0x8D90338C;
	  f horizontal_meters = 4.000000;
	  f lod = 1.000000;
	  f near_plane = 0.100000;
		texture = Art\Bitmaps\Decals\b_d_grs01-a.%img%;
	  f vertical_meters = 4.000000;
	}
}
