[decals]
{
	[t:decal,n:*]
	{
		decal_orientation = -0.110431,0.990102,0.086626,0.000000,0.087159,-0.996195,-0.993884,-0.110011,-0.009625;
		decal_origin = 1.649290,-4.861483,1.552185,0xC7C1AAAF;
	  f far_plane = 1.100000;
	  x guid = 0x850C1DC5;
	  f horizontal_meters = 4.000000;
	  f lod = 1.000000;
	  f near_plane = 0.100000;
		texture = art\bitmaps\decals\b_d_sr02-a.raw;
	  f vertical_meters = 4.000000;
	}
	[t:decal,n:*]
	{
		decal_orientation = 0.000000,-0.996130,-0.087894,0.000000,0.087894,-0.996130,1.000000,0.000000,0.000000;
		decal_origin = -0.545711,-4.947964,1.547676,0xC7C1AAAF;
	  f far_plane = 1.100000;
	  x guid = 0x7F0A5A6C;
	  f horizontal_meters = 4.000000;
	  f lod = 1.000000;
	  f near_plane = 0.100000;
		texture = art\bitmaps\decals\b_d_sr02-a.raw;
	  f vertical_meters = 4.000000;
	}
	[t:decal,n:*]
	{
		decal_orientation = -0.037012,-0.995858,-0.083045,0.000000,0.083102,-0.996541,0.999315,-0.036884,-0.003076;
		decal_origin = -1.817886,-4.835502,1.610351,0xC7C1AAAF;
	  f far_plane = 1.100000;
	  x guid = 0x1284522C;
	  f horizontal_meters = 4.000000;
	  f lod = 1.000000;
	  f near_plane = 0.100000;
		texture = art\bitmaps\decals\b_d_sr02-a.raw;
	  f vertical_meters = 4.000000;
	}
}
