[decals]
{
	[t:decal,n:*]
	{
		decal_orientation = 0.000000,-1.000000,0.000000,0.000000,0.000000,-1.000000,1.000000,0.000000,0.000000;
		decal_origin = 0.571393,3.000000,3.896161,0xEBF53820;
	  f far_plane = 1.100000;
	  x guid = 0xD9921AF5;
	  f horizontal_meters = 4.000000;
	  f lod = 1.000000;
	  f near_plane = 0.100000;
		texture = Art\Bitmaps\Decals\b_d_for01-a.%img%;
	  f vertical_meters = 4.000000;
	}
	[t:decal,n:*]
	{
		decal_orientation = 0.995037,-0.088910,-0.044677,0.000000,0.448995,-0.893534,0.099504,0.889100,0.446767;
		decal_origin = -0.362094,2.745549,3.216586,0xEBF53820;
	  f far_plane = 1.100000;
	  x guid = 0x42722956;
	  f horizontal_meters = 4.000000;
	  f lod = 1.000000;
	  f near_plane = 0.100000;
		texture = Art\Bitmaps\Decals\b_d_for01-a.%img%;
	  f vertical_meters = 4.000000;
	}
	[t:decal,n:*]
	{
		decal_orientation = 0.994284,0.093830,0.050946,0.000000,0.477161,-0.878816,-0.106769,0.873793,0.474433;
		decal_origin = 1.001822,2.731382,3.139414,0xADC32FB1;
	  f far_plane = 1.100000;
	  x guid = 0xA02E0A20;
	  f horizontal_meters = 4.000000;
	  f lod = 1.000000;
	  f near_plane = 0.100000;
		texture = Art\Bitmaps\Decals\b_d_for01-a.%img%;
	  f vertical_meters = 4.000000;
	}
	[t:decal,n:*]
	{
		decal_orientation = 0.000000,-1.000000,0.000000,0.000000,0.000000,-1.000000,1.000000,0.000000,0.000000;
		decal_origin = -0.396191,3.000000,3.773528,0xADC32FB1;
	  f far_plane = 1.100000;
	  x guid = 0x54FEB493;
	  f horizontal_meters = 4.000000;
	  f lod = 1.000000;
	  f near_plane = 0.100000;
		texture = Art\Bitmaps\Decals\b_d_for01-a.%img%;
	  f vertical_meters = 4.000000;
	}
	[t:decal,n:*]
	{
		decal_orientation = -0.110431,0.990102,0.086626,0.000000,0.087159,-0.996195,-0.993884,-0.110011,-0.009625;
		decal_origin = 1.649290,-4.861483,1.552185,0xC7C1AAAF;
	  f far_plane = 1.100000;
	  x guid = 0x850C1DC5;
	  f horizontal_meters = 4.000000;
	  f lod = 1.000000;
	  f near_plane = 0.100000;
		texture = Art\Bitmaps\Decals\b_d_sr02-a.%img%;
	  f vertical_meters = 4.000000;
	}
	[t:decal,n:*]
	{
		decal_orientation = 0.000000,-0.996130,-0.087894,0.000000,0.087894,-0.996130,1.000000,0.000000,0.000000;
		decal_origin = -0.545711,-4.947964,1.547676,0xC7C1AAAF;
	  f far_plane = 1.100000;
	  x guid = 0x7F0A5A6C;
	  f horizontal_meters = 4.000000;
	  f lod = 1.000000;
	  f near_plane = 0.100000;
		texture = Art\Bitmaps\Decals\b_d_sr02-a.%img%;
	  f vertical_meters = 4.000000;
	}
	[t:decal,n:*]
	{
		decal_orientation = -0.037012,-0.995858,-0.083045,0.000000,0.083102,-0.996541,0.999315,-0.036884,-0.003076;
		decal_origin = -1.817886,-4.835502,1.610351,0xC7C1AAAF;
	  f far_plane = 1.100000;
	  x guid = 0x1284522C;
	  f horizontal_meters = 4.000000;
	  f lod = 1.000000;
	  f near_plane = 0.100000;
		texture = Art\Bitmaps\Decals\b_d_sr02-a.%img%;
	  f vertical_meters = 4.000000;
	}
}
