[decals]
{
	[t:decal,n:*]
	{
		decal_orientation = 0.000000,-1.000000,0.000000,0.000000,0.000000,-1.000000,1.000000,0.000000,0.000000;
		decal_origin = -3.516937,1.000000,0.633331,0x0C71844B;
	  f far_plane = 1.100000;
	  x guid = 0xDD8FCABE;
	  f horizontal_meters = 6.000000;
	  f lod = 1.000000;
	  f near_plane = 0.100000;
		texture = Art\Bitmaps\Decals\b_d_for01-b.%img%;
	  f vertical_meters = 6.000000;
	}
	[t:decal,n:*]
	{
		decal_orientation = 0.000000,-1.000000,0.000000,0.000000,0.000000,-1.000000,1.000000,0.000000,0.000000;
		decal_origin = 1.979218,0.999999,0.094345,0xBA2466EC;
	  f far_plane = 1.100000;
	  x guid = 0xE4E47CBA;
	  f horizontal_meters = 6.000000;
	  f lod = 1.000000;
	  f near_plane = 0.100000;
		texture = Art\Bitmaps\Decals\b_d_for01-b.%img%;
	  f vertical_meters = 6.000000;
	}
	[t:decal,n:*]
	{
		decal_orientation = -0.707107,-0.707107,0.000000,0.000000,-0.000000,-1.000000,0.707107,-0.707107,0.000000;
		decal_origin = -3.022018,1.000000,0.420197,0xBA2466EC;
	  f far_plane = 1.100000;
	  x guid = 0x78067EB2;
	  f horizontal_meters = 6.000000;
	  f lod = 1.000000;
	  f near_plane = 0.100000;
		texture = Art\Bitmaps\Decals\b_d_for01-b.%img%;
	  f vertical_meters = 6.000000;
	}
	[t:decal,n:*]
	{
		decal_orientation = -0.000000,-1.000000,-0.000000,-0.000000,0.000000,-1.000000,1.000000,-0.000000,-0.000000;
		decal_origin = 3.940964,1.000000,-0.071915,0x7D7BA486;
	  f far_plane = 1.100000;
	  x guid = 0x41BC12EF;
	  f horizontal_meters = 0.500000;
	  f lod = 1.000000;
	  f near_plane = 0.100000;
		texture = Art\Bitmaps\Decals\b_d_furokfoot.%img%;
	  f vertical_meters = 0.500000;
	}
	[t:decal,n:*]
	{
		decal_orientation = -0.000000,-1.000000,-0.000000,-0.000000,0.000000,-1.000000,1.000000,0.000000,-0.000000;
		decal_origin = 3.315506,1.000000,-0.760681,0x7D7BA486;
	  f far_plane = 1.100000;
	  x guid = 0xECFCE733;
	  f horizontal_meters = 0.500000;
	  f lod = 1.000000;
	  f near_plane = 0.100000;
		texture = Art\Bitmaps\Decals\b_d_furokfoot.%img%;
	  f vertical_meters = 0.500000;
	}
	[t:decal,n:*]
	{
		decal_orientation = -0.000000,-1.000000,-0.000000,-0.000000,0.000000,-1.000000,1.000000,0.000000,-0.000000;
		decal_origin = 1.809677,1.000000,-0.705475,0x7D7BA486;
	  f far_plane = 1.100000;
	  x guid = 0x086018E8;
	  f horizontal_meters = 0.500000;
	  f lod = 1.000000;
	  f near_plane = 0.100000;
		texture = Art\Bitmaps\Decals\b_d_furokfoot.%img%;
	  f vertical_meters = 0.500000;
	}
	[t:decal,n:*]
	{
		decal_orientation = 0.000000,-1.000000,0.000000,0.000000,0.000000,-1.000000,1.000000,0.000000,0.000000;
		decal_origin = 2.413651,1.000000,0.162552,0x7D7BA486;
	  f far_plane = 1.100000;
	  x guid = 0x9C80DB4C;
	  f horizontal_meters = 0.500000;
	  f lod = 1.000000;
	  f near_plane = 0.100000;
		texture = Art\Bitmaps\Decals\b_d_furokfoot.%img%;
	  f vertical_meters = 0.500000;
	}
	[t:decal,n:*]
	{
		decal_orientation = 0.000000,-1.000000,0.000000,0.000000,0.000000,-1.000000,1.000000,0.000000,0.000000;
		decal_origin = 0.989304,1.000000,0.270996,0x7D7BA486;
	  f far_plane = 1.100000;
	  x guid = 0xC39321F7;
	  f horizontal_meters = 0.500000;
	  f lod = 1.000000;
	  f near_plane = 0.100000;
		texture = Art\Bitmaps\Decals\b_d_furokfoot.%img%;
	  f vertical_meters = 0.500000;
	}
	[t:decal,n:*]
	{
		decal_orientation = 0.000000,-1.000000,0.000000,0.000000,0.000000,-1.000000,1.000000,0.000000,0.000000;
		decal_origin = 0.187561,1.000000,-0.628159,0x7D7BA486;
	  f far_plane = 1.100000;
	  x guid = 0x0C7CC1C2;
	  f horizontal_meters = 0.500000;
	  f lod = 1.000000;
	  f near_plane = 0.100000;
		texture = Art\Bitmaps\Decals\b_d_furokfoot.%img%;
	  f vertical_meters = 0.500000;
	}
	[t:decal,n:*]
	{
		decal_orientation = 0.000000,-1.000000,0.000000,0.000000,0.000000,-1.000000,1.000000,0.000000,0.000000;
		decal_origin = -0.691971,1.000000,0.264618,0x7D7BA486;
	  f far_plane = 1.100000;
	  x guid = 0x9B20557D;
	  f horizontal_meters = 0.500000;
	  f lod = 1.000000;
	  f near_plane = 0.100000;
		texture = Art\Bitmaps\Decals\b_d_furokfoot.%img%;
	  f vertical_meters = 0.500000;
	}
	[t:decal,n:*]
	{
		decal_orientation = 0.000000,-1.000000,0.000000,0.000000,0.000000,-1.000000,1.000000,0.000000,0.000000;
		decal_origin = -1.579426,1.000000,-0.474566,0x7D7BA486;
	  f far_plane = 1.100000;
	  x guid = 0x3166C700;
	  f horizontal_meters = 0.500000;
	  f lod = 1.000000;
	  f near_plane = 0.100000;
		texture = Art\Bitmaps\Decals\b_d_furokfoot.%img%;
	  f vertical_meters = 0.500000;
	}
	[t:decal,n:*]
	{
		decal_orientation = 0.000000,-1.000000,0.000000,0.000000,0.000000,-1.000000,1.000000,0.000000,0.000000;
		decal_origin = -2.527738,1.000000,0.176889,0x7D7BA486;
	  f far_plane = 1.100000;
	  x guid = 0x542D1A02;
	  f horizontal_meters = 0.500000;
	  f lod = 1.000000;
	  f near_plane = 0.100000;
		texture = Art\Bitmaps\Decals\b_d_furokfoot.%img%;
	  f vertical_meters = 0.500000;
	}
	[t:decal,n:*]
	{
		decal_orientation = 0.000000,-1.000000,0.000000,0.000000,0.000000,-1.000000,1.000000,0.000000,0.000000;
		decal_origin = -3.475954,1.000000,-0.430480,0x7D7BA486;
	  f far_plane = 1.100000;
	  x guid = 0x6EB5B67F;
	  f horizontal_meters = 0.500000;
	  f lod = 1.000000;
	  f near_plane = 0.100000;
		texture = Art\Bitmaps\Decals\b_d_furokfoot.%img%;
	  f vertical_meters = 0.500000;
	}
	[t:decal,n:*]
	{
		decal_orientation = 0.000000,-1.000000,0.000000,0.000000,0.000000,-1.000000,1.000000,0.000000,0.000000;
		decal_origin = 3.062432,1.000000,0.179076,0x059F3A51;
	  f far_plane = 1.100000;
	  x guid = 0x466CD416;
	  f horizontal_meters = 0.500000;
	  f lod = 1.000000;
	  f near_plane = 0.100000;
		texture = Art\Bitmaps\Decals\b_d_furokfoot.%img%;
	  f vertical_meters = 0.500000;
	}
	[t:decal,n:*]
	{
		decal_orientation = 0.000000,-1.000000,0.000000,0.000000,0.000000,-1.000000,1.000000,0.000000,0.000000;
		decal_origin = 1.984540,1.000000,-0.465558,0x059F3A51;
	  f far_plane = 1.100000;
	  x guid = 0x8E40C476;
	  f horizontal_meters = 0.500000;
	  f lod = 1.000000;
	  f near_plane = 0.100000;
		texture = Art\Bitmaps\Decals\b_d_furokfoot.%img%;
	  f vertical_meters = 0.500000;
	}
	[t:decal,n:*]
	{
		decal_orientation = 0.000000,-1.000000,0.000000,0.000000,0.000000,-1.000000,1.000000,0.000000,0.000000;
		decal_origin = 0.933334,1.000000,0.187698,0x059F3A51;
	  f far_plane = 1.100000;
	  x guid = 0x11AA0E4B;
	  f horizontal_meters = 0.500000;
	  f lod = 1.000000;
	  f near_plane = 0.100000;
		texture = Art\Bitmaps\Decals\b_d_furokfoot.%img%;
	  f vertical_meters = 0.500000;
	}
	[t:decal,n:*]
	{
		decal_orientation = 0.000000,-1.000000,0.000000,0.000000,0.000000,-1.000000,1.000000,0.000000,0.000000;
		decal_origin = -0.286870,1.000000,-0.474462,0x059F3A51;
	  f far_plane = 1.100000;
	  x guid = 0x39F495D0;
	  f horizontal_meters = 0.500000;
	  f lod = 1.000000;
	  f near_plane = 0.100000;
		texture = Art\Bitmaps\Decals\b_d_furokfoot.%img%;
	  f vertical_meters = 0.500000;
	}
	[t:decal,n:*]
	{
		decal_orientation = 0.000000,-1.000000,0.000000,0.000000,0.000000,-1.000000,1.000000,0.000000,0.000000;
		decal_origin = -1.495825,1.000000,0.257215,0x059F3A51;
	  f far_plane = 1.100000;
	  x guid = 0xC54B982C;
	  f horizontal_meters = 0.500000;
	  f lod = 1.000000;
	  f near_plane = 0.100000;
		texture = Art\Bitmaps\Decals\b_d_furokfoot.%img%;
	  f vertical_meters = 0.500000;
	}
	[t:decal,n:*]
	{
		decal_orientation = 0.000000,-1.000000,0.000000,0.000000,0.000000,-1.000000,1.000000,0.000000,0.000000;
		decal_origin = -2.701118,1.000000,-0.457198,0x059F3A51;
	  f far_plane = 1.100000;
	  x guid = 0x608F66D1;
	  f horizontal_meters = 0.500000;
	  f lod = 1.000000;
	  f near_plane = 0.100000;
		texture = Art\Bitmaps\Decals\b_d_furokfoot.%img%;
	  f vertical_meters = 0.500000;
	}
	[t:decal,n:*]
	{
		decal_orientation = 0.000000,-1.000000,0.000000,0.000000,0.000000,-1.000000,1.000000,0.000000,0.000000;
		decal_origin = 3.838174,1.000000,0.226307,0xA9B6EDCD;
	  f far_plane = 1.100000;
	  x guid = 0xAE832DBF;
	  f horizontal_meters = 0.500000;
	  f lod = 1.000000;
	  f near_plane = 0.100000;
		texture = Art\Bitmaps\Decals\b_d_furokfoot.%img%;
	  f vertical_meters = 0.500000;
	}
	[t:decal,n:*]
	{
		decal_orientation = 0.000000,-1.000000,0.000000,0.000000,0.000000,-1.000000,1.000000,0.000000,0.000000;
		decal_origin = 2.525553,1.000000,-0.533399,0xA9B6EDCD;
	  f far_plane = 1.100000;
	  x guid = 0xE496174F;
	  f horizontal_meters = 0.500000;
	  f lod = 1.000000;
	  f near_plane = 0.100000;
		texture = Art\Bitmaps\Decals\b_d_furokfoot.%img%;
	  f vertical_meters = 0.500000;
	}
	[t:decal,n:*]
	{
		decal_orientation = 0.000000,-1.000000,0.000000,0.000000,0.000000,-1.000000,1.000000,0.000000,0.000000;
		decal_origin = 1.427248,1.000000,0.080909,0xA9B6EDCD;
	  f far_plane = 1.100000;
	  x guid = 0x24F275B4;
	  f horizontal_meters = 0.500000;
	  f lod = 1.000000;
	  f near_plane = 0.100000;
		texture = Art\Bitmaps\Decals\b_d_furokfoot.%img%;
	  f vertical_meters = 0.500000;
	}
	[t:decal,n:*]
	{
		decal_orientation = 0.000000,-1.000000,0.000000,0.000000,0.000000,-1.000000,1.000000,0.000000,0.000000;
		decal_origin = 0.368112,1.000000,-0.710720,0xA9B6EDCD;
	  f far_plane = 1.100000;
	  x guid = 0x3B5AE827;
	  f horizontal_meters = 0.500000;
	  f lod = 1.000000;
	  f near_plane = 0.100000;
		texture = Art\Bitmaps\Decals\b_d_furokfoot.%img%;
	  f vertical_meters = 0.500000;
	}
	[t:decal,n:*]
	{
		decal_orientation = 0.000000,-1.000000,0.000000,0.000000,0.000000,-1.000000,1.000000,0.000000,0.000000;
		decal_origin = -0.722753,1.000000,-0.056770,0xA9B6EDCD;
	  f far_plane = 1.100000;
	  x guid = 0xCFE53B26;
	  f horizontal_meters = 0.500000;
	  f lod = 1.000000;
	  f near_plane = 0.100000;
		texture = Art\Bitmaps\Decals\b_d_furokfoot.%img%;
	  f vertical_meters = 0.500000;
	}
	[t:decal,n:*]
	{
		decal_orientation = 0.000000,-1.000000,0.000000,0.000000,0.000000,-1.000000,1.000000,0.000000,0.000000;
		decal_origin = -1.559784,1.000000,-0.703162,0xA9B6EDCD;
	  f far_plane = 1.100000;
	  x guid = 0xC97EB8B7;
	  f horizontal_meters = 0.500000;
	  f lod = 1.000000;
	  f near_plane = 0.100000;
		texture = Art\Bitmaps\Decals\b_d_furokfoot.%img%;
	  f vertical_meters = 0.500000;
	}
	[t:decal,n:*]
	{
		decal_orientation = 0.000000,-1.000000,0.000000,0.000000,0.000000,-1.000000,1.000000,0.000000,0.000000;
		decal_origin = -2.511993,1.000000,-0.013423,0xA9B6EDCD;
	  f far_plane = 1.100000;
	  x guid = 0x1857B0EB;
	  f horizontal_meters = 0.500000;
	  f lod = 1.000000;
	  f near_plane = 0.100000;
		texture = Art\Bitmaps\Decals\b_d_furokfoot.%img%;
	  f vertical_meters = 0.500000;
	}
	[t:decal,n:*]
	{
		decal_orientation = 0.000000,-1.000000,0.000000,0.000000,0.000000,-1.000000,1.000000,0.000000,0.000000;
		decal_origin = -3.557744,1.000000,-0.670294,0xA9B6EDCD;
	  f far_plane = 1.100000;
	  x guid = 0xE3155CC2;
	  f horizontal_meters = 0.500000;
	  f lod = 1.000000;
	  f near_plane = 0.100000;
		texture = Art\Bitmaps\Decals\b_d_furokfoot.%img%;
	  f vertical_meters = 0.500000;
	}
	[t:decal,n:*]
	{
		decal_orientation = -1.000000,0.000000,-0.000000,-0.000000,-0.000000,-1.000000,-0.000000,-1.000000,0.000000;
		decal_origin = 1.928833,1.000000,1.487381,0x1B0388BD;
	  f far_plane = 1.100000;
	  x guid = 0xD501AA25;
	  f horizontal_meters = 0.500000;
	  f lod = 1.000000;
	  f near_plane = 0.100000;
		texture = Art\Bitmaps\Decals\b_d_furokfoot.%img%;
	  f vertical_meters = 0.500000;
	}
	[t:decal,n:*]
	{
		decal_orientation = -1.000000,0.000000,-0.000000,-0.000000,-0.000000,-1.000000,-0.000000,-1.000000,0.000000;
		decal_origin = 2.679321,1.000000,0.299210,0x1B0388BD;
	  f far_plane = 1.100000;
	  x guid = 0x60EDE0DC;
	  f horizontal_meters = 0.500000;
	  f lod = 1.000000;
	  f near_plane = 0.100000;
		texture = Art\Bitmaps\Decals\b_d_furokfoot.%img%;
	  f vertical_meters = 0.500000;
	}
	[t:decal,n:*]
	{
		decal_orientation = -0.707107,-0.707107,0.000000,0.000000,-0.000000,-1.000000,0.707107,-0.707107,0.000000;
		decal_origin = 2.050186,1.000000,-0.921448,0x1B0388BD;
	  f far_plane = 1.100000;
	  x guid = 0x9E3EBD64;
	  f horizontal_meters = 0.500000;
	  f lod = 1.000000;
	  f near_plane = 0.100000;
		texture = Art\Bitmaps\Decals\b_d_furokfoot.%img%;
	  f vertical_meters = 0.500000;
	}
	[t:decal,n:*]
	{
		decal_orientation = -0.707107,-0.707107,0.000000,0.000000,-0.000000,-1.000000,0.707107,-0.707107,0.000000;
		decal_origin = 1.617264,1.000000,-0.053940,0x1B0388BD;
	  f far_plane = 1.100000;
	  x guid = 0x7DA628C8;
	  f horizontal_meters = 0.500000;
	  f lod = 1.000000;
	  f near_plane = 0.100000;
		texture = Art\Bitmaps\Decals\b_d_furokfoot.%img%;
	  f vertical_meters = 0.500000;
	}
	[t:decal,n:*]
	{
		decal_orientation = -0.707107,-0.707107,0.000000,0.000000,-0.000000,-1.000000,0.707107,-0.707107,0.000000;
		decal_origin = 0.732422,1.000000,-1.297928,0x1B0388BD;
	  f far_plane = 1.100000;
	  x guid = 0x4700CA04;
	  f horizontal_meters = 0.500000;
	  f lod = 1.000000;
	  f near_plane = 0.100000;
		texture = Art\Bitmaps\Decals\b_d_furokfoot.%img%;
	  f vertical_meters = 0.500000;
	}
	[t:decal,n:*]
	{
		decal_orientation = -0.707107,0.707107,0.000000,0.000000,0.000000,-1.000000,-0.707107,-0.707107,0.000000;
		decal_origin = -1.612167,-1.000000,-5.289627,0xF927784E;
	  f far_plane = 1.100000;
	  x guid = 0xDB804B68;
	  f horizontal_meters = 0.500000;
	  f lod = 1.000000;
	  f near_plane = 0.100000;
		texture = Art\Bitmaps\Decals\b_d_furokfoot.%img%;
	  f vertical_meters = 0.500000;
	}
	[t:decal,n:*]
	{
		decal_orientation = 0.707107,-0.707107,0.000000,0.000000,0.000000,-1.000000,0.707107,0.707107,0.000000;
		decal_origin = 3.561905,1.000000,-1.574432,0x166AE008;
	  f far_plane = 1.100000;
	  x guid = 0xE3AA817F;
	  f horizontal_meters = 0.500000;
	  f lod = 1.000000;
	  f near_plane = 0.100000;
		texture = Art\Bitmaps\Decals\b_d_furokfoot.%img%;
	  f vertical_meters = 0.500000;
	}
	[t:decal,n:*]
	{
		decal_orientation = 0.707107,-0.707107,0.000000,0.000000,0.000000,-1.000000,0.707107,0.707107,0.000000;
		decal_origin = 2.492142,1.000000,-1.491364,0x166AE008;
	  f far_plane = 1.100000;
	  x guid = 0xEF759AE8;
	  f horizontal_meters = 0.500000;
	  f lod = 1.000000;
	  f near_plane = 0.100000;
		texture = Art\Bitmaps\Decals\b_d_furokfoot.%img%;
	  f vertical_meters = 0.500000;
	}
	[t:decal,n:*]
	{
		decal_orientation = 0.707107,-0.707107,0.000000,0.000000,0.000000,-1.000000,0.707107,0.707107,0.000000;
		decal_origin = 2.543900,1.000000,-0.580994,0x166AE008;
	  f far_plane = 1.100000;
	  x guid = 0xB3726BF3;
	  f horizontal_meters = 0.500000;
	  f lod = 1.000000;
	  f near_plane = 0.100000;
		texture = Art\Bitmaps\Decals\b_d_furokfoot.%img%;
	  f vertical_meters = 0.500000;
	}
	[t:decal,n:*]
	{
		decal_orientation = 0.000000,-1.000000,0.000000,0.000000,0.000000,-1.000000,1.000000,0.000000,0.000000;
		decal_origin = 1.243210,1.000000,-0.959961,0x166AE008;
	  f far_plane = 1.100000;
	  x guid = 0x1875E0F8;
	  f horizontal_meters = 0.500000;
	  f lod = 1.000000;
	  f near_plane = 0.100000;
		texture = Art\Bitmaps\Decals\b_d_furokfoot.%img%;
	  f vertical_meters = 0.500000;
	}
	[t:decal,n:*]
	{
		decal_orientation = 0.000000,-1.000000,0.000000,0.000000,0.000000,-1.000000,1.000000,0.000000,0.000000;
		decal_origin = 1.747330,1.000000,-0.243973,0x166AE008;
	  f far_plane = 1.100000;
	  x guid = 0x42D5D94A;
	  f horizontal_meters = 0.500000;
	  f lod = 1.000000;
	  f near_plane = 0.100000;
		texture = Art\Bitmaps\Decals\b_d_furokfoot.%img%;
	  f vertical_meters = 0.500000;
	}
	[t:decal,n:*]
	{
		decal_orientation = 0.000000,-1.000000,0.000000,0.000000,0.000000,-1.000000,1.000000,0.000000,0.000000;
		decal_origin = 0.344635,1.000000,-0.194427,0x166AE008;
	  f far_plane = 1.100000;
	  x guid = 0x7D550ACD;
	  f horizontal_meters = 0.500000;
	  f lod = 1.000000;
	  f near_plane = 0.100000;
		texture = Art\Bitmaps\Decals\b_d_furokfoot.%img%;
	  f vertical_meters = 0.500000;
	}
	[t:decal,n:*]
	{
		decal_orientation = 0.000000,-1.000000,0.000000,0.000000,0.000000,-1.000000,1.000000,0.000000,0.000000;
		decal_origin = -0.446182,1.000000,-0.907501,0x166AE008;
	  f far_plane = 1.100000;
	  x guid = 0xA3B918A2;
	  f horizontal_meters = 0.500000;
	  f lod = 1.000000;
	  f near_plane = 0.100000;
		texture = Art\Bitmaps\Decals\b_d_furokfoot.%img%;
	  f vertical_meters = 0.500000;
	}
	[t:decal,n:*]
	{
		decal_orientation = 0.000000,-1.000000,0.000000,0.000000,0.000000,-1.000000,1.000000,0.000000,0.000000;
		decal_origin = -1.177399,1.000000,-0.073792,0x166AE008;
	  f far_plane = 1.100000;
	  x guid = 0x60211D7C;
	  f horizontal_meters = 0.500000;
	  f lod = 1.000000;
	  f near_plane = 0.100000;
		texture = Art\Bitmaps\Decals\b_d_furokfoot.%img%;
	  f vertical_meters = 0.500000;
	}
	[t:decal,n:*]
	{
		decal_orientation = 0.000000,-1.000000,0.000000,0.000000,0.000000,-1.000000,1.000000,0.000000,0.000000;
		decal_origin = -2.423706,1.000000,-0.849472,0x166AE008;
	  f far_plane = 1.100000;
	  x guid = 0xB4A73ABD;
	  f horizontal_meters = 0.500000;
	  f lod = 1.000000;
	  f near_plane = 0.100000;
		texture = Art\Bitmaps\Decals\b_d_furokfoot.%img%;
	  f vertical_meters = 0.500000;
	}
	[t:decal,n:*]
	{
		decal_orientation = 0.000000,-1.000000,0.000000,0.000000,0.000000,-1.000000,1.000000,0.000000,0.000000;
		decal_origin = -3.015320,1.000000,-0.100662,0x166AE008;
	  f far_plane = 1.100000;
	  x guid = 0x724350C9;
	  f horizontal_meters = 0.500000;
	  f lod = 1.000000;
	  f near_plane = 0.100000;
		texture = Art\Bitmaps\Decals\b_d_furokfoot.%img%;
	  f vertical_meters = 0.500000;
	}
	[t:decal,n:*]
	{
		decal_orientation = 0.000000,1.000000,0.000000,0.000000,0.000000,-1.000000,-1.000000,0.000000,0.000000;
		decal_origin = -1.823700,1.000000,0.870987,0x75262595;
	  f far_plane = 1.100000;
	  x guid = 0xD52C8F47;
	  f horizontal_meters = 0.500000;
	  f lod = 1.000000;
	  f near_plane = 0.100000;
		texture = Art\Bitmaps\Decals\b_d_furokfoot.%img%;
	  f vertical_meters = 0.500000;
	}
	[t:decal,n:*]
	{
		decal_orientation = 0.000000,1.000000,0.000000,0.000000,0.000000,-1.000000,-1.000000,0.000000,0.000000;
		decal_origin = -1.236526,1.000000,0.048157,0x75262595;
	  f far_plane = 1.100000;
	  x guid = 0xE0AB3342;
	  f horizontal_meters = 0.500000;
	  f lod = 1.000000;
	  f near_plane = 0.100000;
		texture = Art\Bitmaps\Decals\b_d_furokfoot.%img%;
	  f vertical_meters = 0.500000;
	}
	[t:decal,n:*]
	{
		decal_orientation = 0.000000,1.000000,0.000000,0.000000,0.000000,-1.000000,-1.000000,0.000000,0.000000;
		decal_origin = -0.385513,1.000000,0.899750,0x75262595;
	  f far_plane = 1.100000;
	  x guid = 0xF8036E5F;
	  f horizontal_meters = 0.500000;
	  f lod = 1.000000;
	  f near_plane = 0.100000;
		texture = Art\Bitmaps\Decals\b_d_furokfoot.%img%;
	  f vertical_meters = 0.500000;
	}
	[t:decal,n:*]
	{
		decal_orientation = 0.000000,1.000000,0.000000,0.000000,0.000000,-1.000000,-1.000000,0.000000,0.000000;
		decal_origin = 0.370880,1.000000,0.084534,0x75262595;
	  f far_plane = 1.100000;
	  x guid = 0x74F10B93;
	  f horizontal_meters = 0.500000;
	  f lod = 1.000000;
	  f near_plane = 0.100000;
		texture = Art\Bitmaps\Decals\b_d_furokfoot.%img%;
	  f vertical_meters = 0.500000;
	}
	[t:decal,n:*]
	{
		decal_orientation = 0.000000,1.000000,0.000000,0.000000,0.000000,-1.000000,-1.000000,0.000000,0.000000;
		decal_origin = 1.343536,1.000000,0.970566,0x75262595;
	  f far_plane = 1.100000;
	  x guid = 0xE053C98E;
	  f horizontal_meters = 0.500000;
	  f lod = 1.000000;
	  f near_plane = 0.100000;
		texture = Art\Bitmaps\Decals\b_d_furokfoot.%img%;
	  f vertical_meters = 0.500000;
	}
	[t:decal,n:*]
	{
		decal_orientation = 0.000000,-1.000000,0.000000,0.000000,0.000000,-1.000000,1.000000,0.000000,0.000000;
		decal_origin = 3.849487,0.999999,-2.134705,0x4ABCCE93;
	  f far_plane = 1.100000;
	  x guid = 0x33F12CB8;
	  f horizontal_meters = 0.500000;
	  f lod = 1.000000;
	  f near_plane = 0.100000;
		texture = Art\Bitmaps\Decals\b_d_furokfoot.%img%;
	  f vertical_meters = 0.500000;
	}
	[t:decal,n:*]
	{
		decal_orientation = 0.000000,-1.000000,0.000000,0.000000,0.000000,-1.000000,1.000000,0.000000,0.000000;
		decal_origin = 2.798767,1.000000,-3.033157,0x4ABCCE93;
	  f far_plane = 1.100000;
	  x guid = 0x45164DDD;
	  f horizontal_meters = 0.500000;
	  f lod = 1.000000;
	  f near_plane = 0.100000;
		texture = Art\Bitmaps\Decals\b_d_furokfoot.%img%;
	  f vertical_meters = 0.500000;
	}
	[t:decal,n:*]
	{
		decal_orientation = 0.000000,-1.000000,0.000000,0.000000,0.000000,-1.000000,1.000000,0.000000,0.000000;
		decal_origin = 1.911499,1.000001,-2.332870,0x4ABCCE93;
	  f far_plane = 1.100000;
	  x guid = 0x4478D4C1;
	  f horizontal_meters = 0.500000;
	  f lod = 1.000000;
	  f near_plane = 0.100000;
		texture = Art\Bitmaps\Decals\b_d_furokfoot.%img%;
	  f vertical_meters = 0.500000;
	}
	[t:decal,n:*]
	{
		decal_orientation = 0.000000,-1.000000,0.000000,0.000000,0.000000,-1.000000,1.000000,0.000000,0.000000;
		decal_origin = 0.728394,1.000000,-3.335999,0x4ABCCE93;
	  f far_plane = 1.100000;
	  x guid = 0x9882EF44;
	  f horizontal_meters = 0.500000;
	  f lod = 1.000000;
	  f near_plane = 0.100000;
		texture = Art\Bitmaps\Decals\b_d_furokfoot.%img%;
	  f vertical_meters = 0.500000;
	}
	[t:decal,n:*]
	{
		decal_orientation = 0.000000,-1.000000,0.000000,0.000000,0.000000,-1.000000,1.000000,0.000000,0.000000;
		decal_origin = -0.219360,1.000000,-2.530792,0x4ABCCE93;
	  f far_plane = 1.100000;
	  x guid = 0x7C19442D;
	  f horizontal_meters = 0.500000;
	  f lod = 1.000000;
	  f near_plane = 0.100000;
		texture = Art\Bitmaps\Decals\b_d_furokfoot.%img%;
	  f vertical_meters = 0.500000;
	}
	[t:decal,n:*]
	{
		decal_orientation = 0.000000,-1.000000,0.000000,0.000000,0.000000,-1.000000,1.000000,0.000000,0.000000;
		decal_origin = -1.063385,1.000000,-3.668671,0x4ABCCE93;
	  f far_plane = 1.100000;
	  x guid = 0xDB99D76F;
	  f horizontal_meters = 0.500000;
	  f lod = 1.000000;
	  f near_plane = 0.100000;
		texture = Art\Bitmaps\Decals\b_d_furokfoot.%img%;
	  f vertical_meters = 0.500000;
	}
	[t:decal,n:*]
	{
		decal_orientation = -0.707107,-0.707107,0.000000,0.000000,-0.000000,-1.000000,0.707107,-0.707107,0.000000;
		decal_origin = -1.977722,1.000000,-2.802872,0x4ABCCE93;
	  f far_plane = 1.100000;
	  x guid = 0x95527BAA;
	  f horizontal_meters = 0.500000;
	  f lod = 1.000000;
	  f near_plane = 0.100000;
		texture = Art\Bitmaps\Decals\b_d_furokfoot.%img%;
	  f vertical_meters = 0.500000;
	}
	[t:decal,n:*]
	{
		decal_orientation = -0.707107,0.680414,0.192450,-0.000000,0.272165,-0.962250,-0.707107,-0.680414,-0.192450;
		decal_origin = -1.611404,-1.036898,-1.999725,0xB20BD737;
	  f far_plane = 1.100000;
	  x guid = 0x47B7E48E;
	  f horizontal_meters = 0.500000;
	  f lod = 1.000000;
	  f near_plane = 0.100000;
		texture = Art\Bitmaps\Decals\b_d_furokfoot.%img%;
	  f vertical_meters = 0.500000;
	}
	[t:decal,n:*]
	{
		decal_orientation = -0.707107,0.707107,-0.000000,0.000000,-0.000000,-1.000000,-0.707107,-0.707107,0.000000;
		decal_origin = -1.581604,-1.000000,-3.413635,0xB20BD737;
	  f far_plane = 1.100000;
	  x guid = 0x3C76B1CC;
	  f horizontal_meters = 0.500000;
	  f lod = 1.000000;
	  f near_plane = 0.100000;
		texture = Art\Bitmaps\Decals\b_d_furokfoot.%img%;
	  f vertical_meters = 0.500000;
	}
	[t:decal,n:*]
	{
		decal_orientation = -0.707107,0.680414,0.192450,-0.000000,0.272165,-0.962250,-0.707107,-0.680414,-0.192450;
		decal_origin = -0.333069,-1.007607,-3.548279,0xB20BD737;
	  f far_plane = 1.100000;
	  x guid = 0x67659272;
	  f horizontal_meters = 0.500000;
	  f lod = 1.000000;
	  f near_plane = 0.100000;
		texture = Art\Bitmaps\Decals\b_d_furokfoot.%img%;
	  f vertical_meters = 0.500000;
	}
	[t:decal,n:*]
	{
		decal_orientation = -0.707107,0.707107,0.000000,0.000000,0.000000,-1.000000,-0.707107,-0.707107,0.000000;
		decal_origin = 2.267471,1.000000,1.006134,0xEB0B4C6E;
	  f far_plane = 1.100000;
	  x guid = 0x2CE0F27C;
	  f horizontal_meters = 0.500000;
	  f lod = 1.000000;
	  f near_plane = 0.100000;
		texture = Art\Bitmaps\Decals\b_d_furokfoot.%img%;
	  f vertical_meters = 0.500000;
	}
	[t:decal,n:*]
	{
		decal_orientation = -0.707107,0.707107,0.000000,0.000000,0.000000,-1.000000,-0.707107,-0.707107,0.000000;
		decal_origin = 3.432968,1.000000,1.369171,0xEB0B4C6E;
	  f far_plane = 1.100000;
	  x guid = 0xE3B01C99;
	  f horizontal_meters = 0.500000;
	  f lod = 1.000000;
	  f near_plane = 0.100000;
		texture = Art\Bitmaps\Decals\b_d_furokfoot.%img%;
	  f vertical_meters = 0.500000;
	}
	[t:decal,n:*]
	{
		decal_orientation = -0.707107,0.707107,0.000000,0.000000,0.000000,-1.000000,-0.707107,-0.707107,0.000000;
		decal_origin = 3.772614,1.000000,0.204834,0xEB0B4C6E;
	  f far_plane = 1.100000;
	  x guid = 0xC4F2F7FA;
	  f horizontal_meters = 0.500000;
	  f lod = 1.000000;
	  f near_plane = 0.100000;
		texture = Art\Bitmaps\Decals\b_d_furokfoot.%img%;
	  f vertical_meters = 0.500000;
	}
	[t:decal,n:*]
	{
		decal_orientation = -0.707107,0.707107,0.000000,0.000000,0.000000,-1.000000,-0.707107,-0.707107,0.000000;
		decal_origin = 2.773560,0.999999,1.671478,0x3626BB3C;
	  f far_plane = 1.100000;
	  x guid = 0xC47588BF;
	  f horizontal_meters = 0.500000;
	  f lod = 1.000000;
	  f near_plane = 0.100000;
		texture = Art\Bitmaps\Decals\b_d_furokfoot.%img%;
	  f vertical_meters = 0.500000;
	}
	[t:decal,n:*]
	{
		decal_orientation = -0.707106,0.707107,0.000000,-0.000000,0.000000,-1.000000,-0.707107,-0.707106,0.000000;
		decal_origin = 3.981110,1.000000,1.846405,0x3626BB3C;
	  f far_plane = 1.100000;
	  x guid = 0x86E2F6AA;
	  f horizontal_meters = 0.500000;
	  f lod = 1.000000;
	  f near_plane = 0.100000;
		texture = Art\Bitmaps\Decals\b_d_furokfoot.%img%;
	  f vertical_meters = 0.500000;
	}
	[t:decal,n:*]
	{
		decal_orientation = 0.707107,0.707107,-0.000000,-0.000000,-0.000000,-1.000000,-0.707107,0.707107,-0.000000;
		decal_origin = -0.206146,1.000000,-0.769638,0x03EB05B0;
	  f far_plane = 1.100000;
	  x guid = 0x298D605A;
	  f horizontal_meters = 0.500000;
	  f lod = 1.000000;
	  f near_plane = 0.100000;
		texture = Art\Bitmaps\Decals\b_d_furokfoot.%img%;
	  f vertical_meters = 0.500000;
	}
	[t:decal,n:*]
	{
		decal_orientation = 0.707107,0.707107,-0.000000,-0.000000,-0.000000,-1.000000,-0.707107,0.707107,-0.000000;
		decal_origin = 1.037415,1.000000,-0.532059,0x03EB05B0;
	  f far_plane = 1.100000;
	  x guid = 0xBDDB8DA0;
	  f horizontal_meters = 0.500000;
	  f lod = 1.000000;
	  f near_plane = 0.100000;
		texture = Art\Bitmaps\Decals\b_d_furokfoot.%img%;
	  f vertical_meters = 0.500000;
	}
	[t:decal,n:*]
	{
		decal_orientation = 0.707107,0.707107,-0.000000,-0.000000,-0.000000,-1.000000,-0.707107,0.707107,-0.000000;
		decal_origin = 1.034668,0.999999,0.732605,0x03EB05B0;
	  f far_plane = 1.100000;
	  x guid = 0x379C772E;
	  f horizontal_meters = 0.500000;
	  f lod = 1.000000;
	  f near_plane = 0.100000;
		texture = Art\Bitmaps\Decals\b_d_furokfoot.%img%;
	  f vertical_meters = 0.500000;
	}
	[t:decal,n:*]
	{
		decal_orientation = -0.707107,-0.707107,-0.000000,-0.000000,0.000000,-1.000000,0.707107,-0.707107,-0.000000;
		decal_origin = 2.602844,0.999999,1.946228,0x7E946660;
	  f far_plane = 1.100000;
	  x guid = 0xC7A6777D;
	  f horizontal_meters = 0.500000;
	  f lod = 1.000000;
	  f near_plane = 0.100000;
		texture = Art\Bitmaps\Decals\b_d_furokfoot.%img%;
	  f vertical_meters = 0.500000;
	}
	[t:decal,n:*]
	{
		decal_orientation = -0.707107,-0.707107,0.000000,0.000000,-0.000000,-1.000000,0.707107,-0.707107,0.000000;
		decal_origin = 2.467133,1.000000,0.853073,0x7E946660;
	  f far_plane = 1.100000;
	  x guid = 0xE217776C;
	  f horizontal_meters = 0.500000;
	  f lod = 1.000000;
	  f near_plane = 0.100000;
		texture = Art\Bitmaps\Decals\b_d_furokfoot.%img%;
	  f vertical_meters = 0.500000;
	}
	[t:decal,n:*]
	{
		decal_orientation = -0.707107,-0.707107,0.000000,-0.000000,0.000000,-1.000000,0.707107,-0.707107,0.000000;
		decal_origin = 1.287262,1.000000,0.692139,0x7E946660;
	  f far_plane = 1.100000;
	  x guid = 0x34533388;
	  f horizontal_meters = 0.500000;
	  f lod = 1.000000;
	  f near_plane = 0.100000;
		texture = Art\Bitmaps\Decals\b_d_furokfoot.%img%;
	  f vertical_meters = 0.500000;
	}
	[t:decal,n:*]
	{
		decal_orientation = -0.707107,-0.707107,0.000000,0.000000,-0.000000,-1.000000,0.707107,-0.707107,0.000000;
		decal_origin = 1.033081,1.000000,-0.527222,0x7E946660;
	  f far_plane = 1.100000;
	  x guid = 0xDB8449AA;
	  f horizontal_meters = 0.500000;
	  f lod = 1.000000;
	  f near_plane = 0.100000;
		texture = Art\Bitmaps\Decals\b_d_furokfoot.%img%;
	  f vertical_meters = 0.500000;
	}
	[t:decal,n:*]
	{
		decal_orientation = -0.707107,-0.707107,0.000000,0.000000,-0.000000,-1.000000,0.707107,-0.707107,0.000000;
		decal_origin = -0.071930,1.000000,-0.544800,0x7E946660;
	  f far_plane = 1.100000;
	  x guid = 0xE1299989;
	  f horizontal_meters = 0.500000;
	  f lod = 1.000000;
	  f near_plane = 0.100000;
		texture = Art\Bitmaps\Decals\b_d_furokfoot.%img%;
	  f vertical_meters = 0.500000;
	}
	[t:decal,n:*]
	{
		decal_orientation = -0.707107,-0.707107,0.000000,0.000000,-0.000000,-1.000000,0.707107,-0.707107,0.000000;
		decal_origin = -0.246613,1.000000,-1.685196,0x7E946660;
	  f far_plane = 1.100000;
	  x guid = 0x1A6B0BEF;
	  f horizontal_meters = 0.500000;
	  f lod = 1.000000;
	  f near_plane = 0.100000;
		texture = Art\Bitmaps\Decals\b_d_furokfoot.%img%;
	  f vertical_meters = 0.500000;
	}
	[t:decal,n:*]
	{
		decal_orientation = -0.707107,-0.707107,0.000000,0.000000,-0.000000,-1.000000,0.707107,-0.707107,0.000000;
		decal_origin = -1.506866,1.000000,-1.966797,0x7E946660;
	  f far_plane = 1.100000;
	  x guid = 0xCD971224;
	  f horizontal_meters = 0.500000;
	  f lod = 1.000000;
	  f near_plane = 0.100000;
		texture = Art\Bitmaps\Decals\b_d_furokfoot.%img%;
	  f vertical_meters = 0.500000;
	}
	[t:decal,n:*]
	{
		decal_orientation = 0.707107,-0.707107,0.000000,0.000000,0.000000,-1.000000,0.707107,0.707107,0.000000;
		decal_origin = 0.789917,0.999999,-0.238281,0x89837286;
	  f far_plane = 1.100000;
	  x guid = 0x38323923;
	  f horizontal_meters = 0.500000;
	  f lod = 1.000000;
	  f near_plane = 0.100000;
		texture = Art\Bitmaps\Decals\b_d_furokfoot.%img%;
	  f vertical_meters = 0.500000;
	}
	[t:decal,n:*]
	{
		decal_orientation = 0.707107,-0.707107,0.000000,0.000000,0.000000,-1.000000,0.707107,0.707107,0.000000;
		decal_origin = 0.578369,1.000001,0.985596,0x89837286;
	  f far_plane = 1.100000;
	  x guid = 0x080F7656;
	  f horizontal_meters = 0.500000;
	  f lod = 1.000000;
	  f near_plane = 0.100000;
		texture = Art\Bitmaps\Decals\b_d_furokfoot.%img%;
	  f vertical_meters = 0.500000;
	}
	[t:decal,n:*]
	{
		decal_orientation = 0.707107,-0.707107,0.000000,0.000000,0.000000,-1.000000,0.707107,0.707107,0.000000;
		decal_origin = -0.550079,1.000000,1.043610,0x89837286;
	  f far_plane = 1.100000;
	  x guid = 0x3C881A61;
	  f horizontal_meters = 0.500000;
	  f lod = 1.000000;
	  f near_plane = 0.100000;
		texture = Art\Bitmaps\Decals\b_d_furokfoot.%img%;
	  f vertical_meters = 0.500000;
	}
	[t:decal,n:*]
	{
		decal_orientation = 0.707107,-0.707107,-0.000000,-0.000000,0.000000,-1.000000,0.707107,0.707107,0.000000;
		decal_origin = -2.519562,1.000001,-3.846191,0xC603D72C;
	  f far_plane = 1.100000;
	  x guid = 0x97ACE350;
	  f horizontal_meters = 0.500000;
	  f lod = 1.000000;
	  f near_plane = 0.100000;
		texture = Art\Bitmaps\Decals\b_d_furokfoot.%img%;
	  f vertical_meters = 0.500000;
	}
	[t:decal,n:*]
	{
		decal_orientation = 0.707107,-0.707107,0.000000,0.000000,0.000000,-1.000000,0.707107,0.707107,0.000000;
		decal_origin = -3.675598,1.000000,-3.951080,0xC603D72C;
	  f far_plane = 1.100000;
	  x guid = 0xB3D65360;
	  f horizontal_meters = 0.500000;
	  f lod = 1.000000;
	  f near_plane = 0.100000;
		texture = Art\Bitmaps\Decals\b_d_furokfoot.%img%;
	  f vertical_meters = 0.500000;
	}
	[t:decal,n:*]
	{
		decal_orientation = 0.707107,-0.707107,0.000000,0.000000,0.000000,-1.000000,0.707107,0.707107,0.000000;
		decal_origin = -3.702042,1.000000,-2.767395,0xC603D72C;
	  f far_plane = 1.100000;
	  x guid = 0xB352AFEC;
	  f horizontal_meters = 0.500000;
	  f lod = 1.000000;
	  f near_plane = 0.100000;
		texture = Art\Bitmaps\Decals\b_d_furokfoot.%img%;
	  f vertical_meters = 0.500000;
	}
	[t:decal,n:*]
	{
		decal_orientation = 0.707107,-0.707107,0.000000,0.000000,0.000000,-1.000000,0.707107,0.707107,0.000000;
		decal_origin = 3.359009,1.000000,-3.125488,0xA02C4A16;
	  f far_plane = 1.100000;
	  x guid = 0x92B19A3C;
	  f horizontal_meters = 0.500000;
	  f lod = 1.000000;
	  f near_plane = 0.100000;
		texture = Art\Bitmaps\Decals\b_d_furokfoot.%img%;
	  f vertical_meters = 0.500000;
	}
	[t:decal,n:*]
	{
		decal_orientation = 0.707107,-0.707107,0.000000,0.000000,0.000000,-1.000000,0.707107,0.707107,0.000000;
		decal_origin = 3.167130,1.000000,-1.943909,0xA02C4A16;
	  f far_plane = 1.100000;
	  x guid = 0x4859E14A;
	  f horizontal_meters = 0.500000;
	  f lod = 1.000000;
	  f near_plane = 0.100000;
		texture = Art\Bitmaps\Decals\b_d_furokfoot.%img%;
	  f vertical_meters = 0.500000;
	}
	[t:decal,n:*]
	{
		decal_orientation = 0.707107,-0.707107,0.000000,0.000000,0.000000,-1.000000,0.707107,0.707107,0.000000;
		decal_origin = 2.249313,1.000001,-2.003998,0xA02C4A16;
	  f far_plane = 1.100000;
	  x guid = 0x925A3F50;
	  f horizontal_meters = 0.500000;
	  f lod = 1.000000;
	  f near_plane = 0.100000;
		texture = Art\Bitmaps\Decals\b_d_furokfoot.%img%;
	  f vertical_meters = 0.500000;
	}
	[t:decal,n:*]
	{
		decal_orientation = 0.707107,-0.707107,0.000000,0.000000,0.000000,-1.000000,0.707107,0.707107,0.000000;
		decal_origin = 2.118744,1.000000,-0.791168,0xA02C4A16;
	  f far_plane = 1.100000;
	  x guid = 0x8D2EF34D;
	  f horizontal_meters = 0.500000;
	  f lod = 1.000000;
	  f near_plane = 0.100000;
		texture = Art\Bitmaps\Decals\b_d_furokfoot.%img%;
	  f vertical_meters = 0.500000;
	}
	[t:decal,n:*]
	{
		decal_orientation = 0.707107,-0.707107,0.000000,0.000000,0.000000,-1.000000,0.707107,0.707107,0.000000;
		decal_origin = 1.267410,1.000000,-1.168304,0xA02C4A16;
	  f far_plane = 1.100000;
	  x guid = 0xAF8E6A4C;
	  f horizontal_meters = 0.500000;
	  f lod = 1.000000;
	  f near_plane = 0.100000;
		texture = Art\Bitmaps\Decals\b_d_furokfoot.%img%;
	  f vertical_meters = 0.500000;
	}
	[t:decal,n:*]
	{
		decal_orientation = 0.000000,-1.000000,0.000000,0.000000,0.000000,-1.000000,1.000000,0.000000,0.000000;
		decal_origin = 1.176636,1.000000,-0.041229,0xA02C4A16;
	  f far_plane = 1.100000;
	  x guid = 0xCC64F29B;
	  f horizontal_meters = 0.500000;
	  f lod = 1.000000;
	  f near_plane = 0.100000;
		texture = Art\Bitmaps\Decals\b_d_furokfoot.%img%;
	  f vertical_meters = 0.500000;
	}
	[t:decal,n:*]
	{
		decal_orientation = 0.000000,-1.000000,0.000000,0.000000,0.000000,-1.000000,1.000000,0.000000,0.000000;
		decal_origin = 0.374542,1.000000,-0.963776,0xA02C4A16;
	  f far_plane = 1.100000;
	  x guid = 0xA87CB5E8;
	  f horizontal_meters = 0.500000;
	  f lod = 1.000000;
	  f near_plane = 0.100000;
		texture = Art\Bitmaps\Decals\b_d_furokfoot.%img%;
	  f vertical_meters = 0.500000;
	}
	[t:decal,n:*]
	{
		decal_orientation = 0.000000,-1.000000,0.000000,0.000000,0.000000,-1.000000,1.000000,0.000000,0.000000;
		decal_origin = -0.040100,1.000000,-0.164764,0xA02C4A16;
	  f far_plane = 1.100000;
	  x guid = 0xD975FCAE;
	  f horizontal_meters = 0.500000;
	  f lod = 1.000000;
	  f near_plane = 0.100000;
		texture = Art\Bitmaps\Decals\b_d_furokfoot.%img%;
	  f vertical_meters = 0.500000;
	}
	[t:decal,n:*]
	{
		decal_orientation = 0.000000,-1.000000,0.000000,0.000000,0.000000,-1.000000,1.000000,0.000000,0.000000;
		decal_origin = -1.274765,1.000000,-0.255737,0xA02C4A16;
	  f far_plane = 1.100000;
	  x guid = 0xB12A32CC;
	  f horizontal_meters = 0.500000;
	  f lod = 1.000000;
	  f near_plane = 0.100000;
		texture = Art\Bitmaps\Decals\b_d_furokfoot.%img%;
	  f vertical_meters = 0.500000;
	}
	[t:decal,n:*]
	{
		decal_orientation = 0.000000,-1.000000,0.000000,0.000000,0.000000,-1.000000,1.000000,0.000000,0.000000;
		decal_origin = -0.781448,1.000000,-0.888519,0xA02C4A16;
	  f far_plane = 1.100000;
	  x guid = 0x58C090D3;
	  f horizontal_meters = 0.500000;
	  f lod = 1.000000;
	  f near_plane = 0.100000;
		texture = Art\Bitmaps\Decals\b_d_furokfoot.%img%;
	  f vertical_meters = 0.500000;
	}
	[t:decal,n:*]
	{
		decal_orientation = 0.000000,-1.000000,0.000000,0.000000,0.000000,-1.000000,1.000000,0.000000,0.000000;
		decal_origin = -1.893021,1.000000,-0.835510,0xA02C4A16;
	  f far_plane = 1.100000;
	  x guid = 0xE3AFBBCF;
	  f horizontal_meters = 0.500000;
	  f lod = 1.000000;
	  f near_plane = 0.100000;
		texture = Art\Bitmaps\Decals\b_d_furokfoot.%img%;
	  f vertical_meters = 0.500000;
	}
	[t:decal,n:*]
	{
		decal_orientation = 0.707107,-0.707107,0.000000,0.000000,0.000000,-1.000000,0.707107,0.707107,0.000000;
		decal_origin = -2.970764,1.000000,-0.772186,0xA02C4A16;
	  f far_plane = 1.100000;
	  x guid = 0x47915AB8;
	  f horizontal_meters = 0.500000;
	  f lod = 1.000000;
	  f near_plane = 0.100000;
		texture = Art\Bitmaps\Decals\b_d_furokfoot.%img%;
	  f vertical_meters = 0.500000;
	}
	[t:decal,n:*]
	{
		decal_orientation = 0.707107,-0.707107,0.000000,0.000000,0.000000,-1.000000,0.707107,0.707107,0.000000;
		decal_origin = -2.727997,1.000000,0.156860,0xA02C4A16;
	  f far_plane = 1.100000;
	  x guid = 0xAE9D9FFD;
	  f horizontal_meters = 0.500000;
	  f lod = 1.000000;
	  f near_plane = 0.100000;
		texture = Art\Bitmaps\Decals\b_d_furokfoot.%img%;
	  f vertical_meters = 0.500000;
	}
	[t:decal,n:*]
	{
		decal_orientation = 0.707107,-0.707107,0.000000,0.000000,0.000000,-1.000000,0.707107,0.707107,0.000000;
		decal_origin = -3.882278,0.999999,0.210022,0xA02C4A16;
	  f far_plane = 1.100000;
	  x guid = 0xBAB27B4A;
	  f horizontal_meters = 0.500000;
	  f lod = 1.000000;
	  f near_plane = 0.100000;
		texture = Art\Bitmaps\Decals\b_d_furokfoot.%img%;
	  f vertical_meters = 0.500000;
	}
	[t:decal,n:*]
	{
		decal_orientation = 0.707107,-0.707107,0.000000,0.000000,0.000000,-1.000000,0.707107,0.707107,0.000000;
		decal_origin = -3.778717,1.000000,1.182190,0xA02C4A16;
	  f far_plane = 1.100000;
	  x guid = 0x144A9509;
	  f horizontal_meters = 0.500000;
	  f lod = 1.000000;
	  f near_plane = 0.100000;
		texture = Art\Bitmaps\Decals\b_d_furokfoot.%img%;
	  f vertical_meters = 0.500000;
	}
	[t:decal,n:*]
	{
		decal_orientation = 0.000000,-1.000000,0.000000,0.000000,0.000000,-1.000000,1.000000,0.000000,0.000000;
		decal_origin = -0.761318,1.000000,0.132173,0xC0481271;
	  f far_plane = 1.100000;
	  x guid = 0x03200878;
	  f horizontal_meters = 6.000000;
	  f lod = 1.000000;
	  f near_plane = 0.100000;
		texture = Art\Bitmaps\Decals\b_d_for01-b.%img%;
	  f vertical_meters = 6.000000;
	}
	[t:decal,n:*]
	{
		decal_orientation = -0.000000,1.000000,0.000000,0.000000,0.000000,-1.000000,-1.000000,-0.000000,0.000000;
		decal_origin = -3.383194,1.000000,-3.613708,0x5D635E3D;
	  f far_plane = 1.100000;
	  x guid = 0x7922C14D;
	  f horizontal_meters = 0.500000;
	  f lod = 1.000000;
	  f near_plane = 0.100000;
		texture = Art\Bitmaps\Decals\b_d_furokfoot.%img%;
	  f vertical_meters = 0.500000;
	}
	[t:decal,n:*]
	{
		decal_orientation = -0.000000,1.000000,0.000000,0.000000,0.000000,-1.000000,-1.000000,-0.000000,0.000000;
		decal_origin = -2.745804,1.000000,-2.922760,0x5D635E3D;
	  f far_plane = 1.100000;
	  x guid = 0xA415B406;
	  f horizontal_meters = 0.500000;
	  f lod = 1.000000;
	  f near_plane = 0.100000;
		texture = Art\Bitmaps\Decals\b_d_furokfoot.%img%;
	  f vertical_meters = 0.500000;
	}
	[t:decal,n:*]
	{
		decal_orientation = -0.000000,1.000000,0.000000,0.000000,0.000000,-1.000000,-1.000000,-0.000000,0.000000;
		decal_origin = -2.107681,1.000000,-3.584381,0x5D635E3D;
	  f far_plane = 1.100000;
	  x guid = 0xA4EA6247;
	  f horizontal_meters = 0.500000;
	  f lod = 1.000000;
	  f near_plane = 0.100000;
		texture = Art\Bitmaps\Decals\b_d_furokfoot.%img%;
	  f vertical_meters = 0.500000;
	}
	[t:decal,n:*]
	{
		decal_orientation = -0.000000,1.000000,0.000000,0.000000,0.000000,-1.000000,-1.000000,-0.000000,0.000000;
		decal_origin = -1.623810,1.000000,-2.787231,0x5D635E3D;
	  f far_plane = 1.100000;
	  x guid = 0xF6CF85F9;
	  f horizontal_meters = 0.500000;
