[decals]
{
	[t:decal,n:*]
	{
		decal_orientation = 0.214407,-0.976370,-0.027034,-0.000000,0.027678,-0.999617,0.976744,0.214325,0.005934;
		decal_origin = -0.244711,-10.947998,0.179738,0x46D58605;
	  f far_plane = 1.100000;
	  x guid = 0x50A01A22;
	  f horizontal_meters = 4.000000;
	  f lod = 1.000000;
	  f near_plane = 0.100000;
		texture = art\bitmaps\decals\b_d_sawdust-a.raw;
	  f vertical_meters = 4.000000;
	}
	[t:decal,n:*]
	{
		decal_orientation = -0.707107,-0.707107,0.000000,0.000000,-0.000000,-1.000000,0.707107,-0.707107,0.000000;
		decal_origin = -3.495301,1.000000,0.196428,0x93745B3F;
	  f far_plane = 1.100000;
	  x guid = 0x36FA5154;
	  f horizontal_meters = 4.000000;
	  f lod = 1.000000;
	  f near_plane = 0.100000;
		texture = art\bitmaps\decals\b_d_sawdust-a.raw;
	  f vertical_meters = 4.000000;
	}
	[t:decal,n:*]
	{
		decal_orientation = 0.000000,-1.000000,0.000000,0.000000,0.000000,-1.000000,1.000000,0.000000,0.000000;
		decal_origin = 1.266808,1.000000,0.756073,0x93745B3F;
	  f far_plane = 1.100000;
	  x guid = 0x0E58DA77;
	  f horizontal_meters = 4.000000;
	  f lod = 1.000000;
	  f near_plane = 0.100000;
		texture = art\bitmaps\decals\b_d_sawdust-a.raw;
	  f vertical_meters = 4.000000;
	}
	[t:decal,n:*]
	{
		decal_orientation = -1.000000,0.000000,-0.000000,-0.000000,-0.000000,-1.000000,-0.000000,-1.000000,0.000000;
		decal_origin = -1.381237,1.000000,0.555238,0x93745B3F;
	  f far_plane = 1.100000;
	  x guid = 0x7BE6D514;
	  f horizontal_meters = 4.000000;
	  f lod = 1.000000;
	  f near_plane = 0.100000;
		texture = art\bitmaps\decals\b_d_sawdust-a.raw;
	  f vertical_meters = 4.000000;
	}
	[t:decal,n:*]
	{
		decal_orientation = 0.000000,-1.000000,0.000000,0.000000,0.000000,-1.000000,1.000000,0.000000,0.000000;
		decal_origin = 3.552177,1.000000,1.326437,0x93745B3F;
	  f far_plane = 1.100000;
	  x guid = 0x398275B3;
	  f horizontal_meters = 4.000000;
	  f lod = 1.000000;
	  f near_plane = 0.100000;
		texture = art\bitmaps\decals\b_d_sawdust-a.raw;
	  f vertical_meters = 4.000000;
	}
	[t:decal,n:*]
	{
		decal_orientation = -1.000000,0.000000,-0.000000,-0.000000,-0.000000,-1.000000,-0.000000,-1.000000,0.000000;
		decal_origin = 2.165251,1.000000,2.543321,0x86BDA450;
	  f far_plane = 1.100000;
	  x guid = 0xFCE4DD18;
	  f horizontal_meters = 4.000000;
	  f lod = 1.000000;
	  f near_plane = 0.100000;
		texture = art\bitmaps\decals\b_d_sawdust-a.raw;
	  f vertical_meters = 4.000000;
	}
	[t:decal,n:*]
	{
		decal_orientation = 0.000000,-1.000000,0.000000,0.000000,0.000000,-1.000000,1.000000,0.000000,0.000000;
		decal_origin = 0.080509,0.999999,2.256419,0x86BDA450;
	  f far_plane = 1.100000;
	  x guid = 0x41301926;
	  f horizontal_meters = 4.000000;
	  f lod = 1.000000;
	  f near_plane = 0.100000;
		texture = art\bitmaps\decals\b_d_sawdust-a.raw;
	  f vertical_meters = 4.000000;
	}
	[t:decal,n:*]
	{
		decal_orientation = 0.000000,-1.000000,0.000000,0.000000,0.000000,-1.000000,1.000000,0.000000,0.000000;
		decal_origin = -2.211561,1.000001,1.929313,0x86BDA450;
	  f far_plane = 1.100000;
	  x guid = 0xD73D1B7E;
	  f horizontal_meters = 4.000000;
	  f lod = 1.000000;
	  f near_plane = 0.100000;
		texture = art\bitmaps\decals\b_d_sawdust-a.raw;
	  f vertical_meters = 4.000000;
	}
	[t:decal,n:*]
	{
		decal_orientation = 0.000000,-1.000000,0.000000,0.000000,0.000000,-1.000000,1.000000,0.000000,0.000000;
		decal_origin = -1.475298,1.000000,3.737843,0x64DAAEE9;
	  f far_plane = 1.100000;
	  x guid = 0x882863BB;
	  f horizontal_meters = 4.000000;
	  f lod = 1.000000;
	  f near_plane = 0.100000;
		texture = art\bitmaps\decals\b_d_sawdust-a.raw;
	  f vertical_meters = 4.000000;
	}
	[t:decal,n:*]
	{
		decal_orientation = -1.000000,0.000000,-0.000000,-0.000000,-0.000000,-1.000000,-0.000000,-1.000000,0.000000;
		decal_origin = -1.500219,1.000000,1.574276,0x64DAAEE9;
	  f far_plane = 1.100000;
	  x guid = 0x61D9CC43;
	  f horizontal_meters = 4.000000;
	  f lod = 1.000000;
	  f near_plane = 0.100000;
		texture = art\bitmaps\decals\b_d_sawdust-a.raw;
	  f vertical_meters = 4.000000;
	}
	[t:decal,n:*]
	{
		decal_orientation = -1.000000,0.000000,-0.000000,-0.000000,-0.000000,-1.000000,-0.000000,-1.000000,0.000000;
		decal_origin = -1.470888,1.000000,-0.805004,0x64DAAEE9;
	  f far_plane = 1.100000;
	  x guid = 0xDDDDDF86;
	  f horizontal_meters = 4.000000;
	  f lod = 1.000000;
	  f near_plane = 0.100000;
		texture = art\bitmaps\decals\b_d_sawdust-a.raw;
	  f vertical_meters = 4.000000;
	}
	[t:decal,n:*]
	{
		decal_orientation = 0.000000,-1.000000,0.000000,0.000000,0.000000,-1.000000,1.000000,0.000000,0.000000;
		decal_origin = -1.365134,1.000000,-3.252001,0x64DAAEE9;
	  f far_plane = 1.100000;
	  x guid = 0xF4255512;
	  f horizontal_meters = 4.000000;
	  f lod = 1.000000;
	  f near_plane = 0.100000;
		texture = art\bitmaps\decals\b_d_sawdust-a.raw;
	  f vertical_meters = 4.000000;
	}
	[t:decal,n:*]
	{
		decal_orientation = 0.958798,0.257172,0.120701,0.000000,0.424870,-0.905254,-0.284088,0.867956,0.407364;
		decal_origin = -0.339279,-0.666738,-2.835922,0x5EC03EB0;
	  f far_plane = 1.100000;
	  x guid = 0xEB91E20B;
	  f horizontal_meters = 4.000000;
	  f lod = 1.000000;
	  f near_plane = 0.100000;
		texture = art\bitmaps\decals\b_d_sawdust-a.raw;
	  f vertical_meters = 4.000000;
	}
	[t:decal,n:*]
	{
		decal_orientation = 0.865202,0.423161,0.268999,0.000000,0.536471,-0.843919,-0.501424,0.730160,0.464155;
		decal_origin = -0.266571,0.298543,-0.820790,0x5EC03EB0;
	  f far_plane = 1.100000;
	  x guid = 0xCBE7F0EC;
	  f horizontal_meters = 4.000000;
	  f lod = 1.000000;
	  f near_plane = 0.100000;
		texture = art\bitmaps\decals\b_d_sawdust-a.raw;
	  f vertical_meters = 4.000000;
	}
	[t:decal,n:*]
	{
		decal_orientation = 0.982741,0.154013,0.102469,0.000000,0.553929,-0.832564,-0.184987,0.818195,0.544369;
		decal_origin = -0.251354,1.430024,1.091537,0x5EC03EB0;
	  f far_plane = 1.100000;
	  x guid = 0xF6694266;
	  f horizontal_meters = 4.000000;
	  f lod = 1.000000;
	  f near_plane = 0.100000;
		texture = art\bitmaps\decals\b_d_sawdust-a.raw;
	  f vertical_meters = 4.000000;
	}
	[t:decal,n:*]
	{
		decal_orientation = 0.988759,-0.116902,-0.093220,0.000000,0.623467,-0.781850,0.149519,0.773061,0.616458;
		decal_origin = -0.120642,2.426414,2.627236,0x5EC03EB0;
	  f far_plane = 1.100000;
	  x guid = 0x7749A202;
	  f horizontal_meters = 4.000000;
	  f lod = 1.000000;
	  f near_plane = 0.100000;
		texture = art\bitmaps\decals\b_d_sawdust-a.raw;
	  f vertical_meters = 4.000000;
	}
	[t:decal,n:*]
	{
		decal_orientation = 0.000000,-1.000000,0.000000,0.000000,0.000000,-1.000000,1.000000,0.000000,0.000000;
		decal_origin = 1.588822,1.000000,-3.336857,0x3E18A8DA;
	  f far_plane = 1.100000;
	  x guid = 0xBFE5EC2F;
	  f horizontal_meters = 4.000000;
	  f lod = 1.000000;
	  f near_plane = 0.100000;
		texture = art\bitmaps\decals\b_d_sawdust-a.raw;
	  f vertical_meters = 4.000000;
	}
	[t:decal,n:*]
	{
		decal_orientation = 0.000000,-1.000000,0.000000,0.000000,0.000000,-1.000000,1.000000,0.000000,0.000000;
		decal_origin = 1.377579,1.000000,-1.131939,0x3E18A8DA;
	  f far_plane = 1.100000;
	  x guid = 0x44F5F97B;
	  f horizontal_meters = 4.000000;
	  f lod = 1.000000;
	  f near_plane = 0.100000;
		texture = art\bitmaps\decals\b_d_sawdust-a.raw;
	  f vertical_meters = 4.000000;
	}
	[t:decal,n:*]
	{
		decal_orientation = 0.000000,-1.000000,0.000000,0.000000,0.000000,-1.000000,1.000000,0.000000,0.000000;
		decal_origin = 1.209957,1.000000,1.276032,0x3E18A8DA;
	  f far_plane = 1.100000;
	  x guid = 0x0D4ECACC;
	  f horizontal_meters = 4.000000;
	  f lod = 1.000000;
	  f near_plane = 0.100000;
		texture = art\bitmaps\decals\b_d_sawdust-a.raw;
	  f vertical_meters = 4.000000;
	}
	[t:decal,n:*]
	{
		decal_orientation = 0.000000,-1.000000,0.000000,0.000000,0.000000,-1.000000,1.000000,0.000000,0.000000;
		decal_origin = 1.294023,1.000001,3.486641,0x3E18A8DA;
	  f far_plane = 1.100000;
	  x guid = 0xD9AAB789;
	  f horizontal_meters = 4.000000;
	  f lod = 1.000000;
	  f near_plane = 0.100000;
		texture = art\bitmaps\decals\b_d_sawdust-a.raw;
	  f vertical_meters = 4.000000;
	}
	[t:decal,n:*]
	{
		decal_orientation = 0.000000,-1.000000,0.000000,0.000000,0.000000,-1.000000,1.000000,0.000000,0.000000;
		decal_origin = -2.322166,1.000000,-1.186887,0x89A5D164;
	  f far_plane = 1.100000;
	  x guid = 0xE1149A64;
	  f horizontal_meters = 4.000000;
	  f lod = 1.000000;
	  f near_plane = 0.100000;
		texture = art\bitmaps\decals\b_d_sawdust-a.raw;
	  f vertical_meters = 4.000000;
	}
	[t:decal,n:*]
	{
		decal_orientation = 0.000000,-1.000000,0.000000,0.000000,0.000000,-1.000000,1.000000,0.000000,0.000000;
		decal_origin = -0.132614,1.000000,-1.097842,0x89A5D164;
	  f far_plane = 1.100000;
	  x guid = 0x246A985E;
	  f horizontal_meters = 4.000000;
	  f lod = 1.000000;
	  f near_plane = 0.100000;
		texture = art\bitmaps\decals\b_d_sawdust-a.raw;
	  f vertical_meters = 4.000000;
	}
	[t:decal,n:*]
	{
		decal_orientation = 0.000000,-1.000000,0.000000,0.000000,0.000000,-1.000000,1.000000,0.000000,0.000000;
		decal_origin = 2.016373,1.000000,-1.126066,0x89A5D164;
	  f far_plane = 1.100000;
	  x guid = 0x69BB8B5F;
	  f horizontal_meters = 4.000000;
	  f lod = 1.000000;
	  f near_plane = 0.100000;
		texture = art\bitmaps\decals\b_d_sawdust-a.raw;
	  f vertical_meters = 4.000000;
	}
	[t:decal,n:*]
	{
		decal_orientation = -0.707107,-0.707107,0.000000,0.000000,-0.000000,-1.000000,0.707107,-0.707107,0.000000;
		decal_origin = -2.883451,1.000000,-3.839317,0x595EE1E8;
	  f far_plane = 1.100000;
	  x guid = 0x24565C28;
	  f horizontal_meters = 4.000000;
	  f lod = 1.000000;
	  f near_plane = 0.100000;
		texture = art\bitmaps\decals\b_d_sawdust-a.raw;
	  f vertical_meters = 4.000000;
	}
	[t:decal,n:*]
	{
		decal_orientation = 0.000000,-1.000000,0.000000,0.000000,0.000000,-1.000000,1.000000,0.000000,0.000000;
		decal_origin = -2.668757,1.000000,-1.816959,0x595EE1E8;
	  f far_plane = 1.100000;
	  x guid = 0x558DDFE9;
	  f horizontal_meters = 4.000000;
	  f lod = 1.000000;
	  f near_plane = 0.100000;
		texture = art\bitmaps\decals\b_d_sawdust-a.raw;
	  f vertical_meters = 4.000000;
	}
	[t:decal,n:*]
	{
		decal_orientation = 0.000000,-1.000000,0.000000,0.000000,0.000000,-1.000000,1.000000,0.000000,0.000000;
		decal_origin = -2.527637,0.999999,0.246616,0x595EE1E8;
	  f far_plane = 1.100000;
	  x guid = 0x5A75A56A;
	  f horizontal_meters = 4.000000;
	  f lod = 1.000000;
	  f near_plane = 0.100000;
		texture = art\bitmaps\decals\b_d_sawdust-a.raw;
	  f vertical_meters = 4.000000;
	}
	[t:decal,n:*]
	{
		decal_orientation = 0.000000,-1.000000,0.000000,0.000000,0.000000,-1.000000,1.000000,0.000000,0.000000;
		decal_origin = -2.719472,1.000001,2.853878,0x595EE1E8;
	  f far_plane = 1.100000;
	  x guid = 0x74AB5614;
	  f horizontal_meters = 4.000000;
	  f lod = 1.000000;
	  f near_plane = 0.100000;
		texture = art\bitmaps\decals\b_d_sawdust-a.raw;
	  f vertical_meters = 4.000000;
	}
	[t:decal,n:*]
	{
		decal_orientation = 0.980581,-0.190037,-0.048450,0.000000,0.247049,-0.969003,0.196116,0.950186,0.242251;
		decal_origin = -0.947711,1.143026,-0.831284,0xC14517F0;
	  f far_plane = 1.100000;
	  x guid = 0xB1174375;
	  f horizontal_meters = 4.000000;
	  f lod = 1.000000;
	  f near_plane = 0.100000;
		texture = art\bitmaps\decals\b_d_sawdust-a.raw;
	  f vertical_meters = 4.000000;
	}
	[t:decal,n:*]
	{
		decal_orientation = 0.316228,0.937043,0.148159,0.000000,0.156174,-0.987730,-0.948683,0.312348,0.049386;
		decal_origin = -0.917034,0.868113,0.213398,0xC14517F0;
	  f far_plane = 1.100000;
	  x guid = 0x06AFE6B9;
	  f horizontal_meters = 4.000000;
	  f lod = 1.000000;
	  f near_plane = 0.100000;
		texture = art\bitmaps\decals\b_d_sawdust-a.raw;
	  f vertical_meters = 4.000000;
	}
	[t:decal,n:*]
	{
		decal_orientation = 0.980581,-0.190685,-0.045835,-0.000000,0.233713,-0.972306,0.196116,0.953424,0.229175;
		decal_origin = -0.538371,0.976990,1.932652,0xC14517F0;
	  f far_plane = 1.100000;
	  x guid = 0x4E657DFD;
	  f horizontal_meters = 4.000000;
	  f lod = 1.000000;
	  f near_plane = 0.100000;
		texture = art\bitmaps\decals\b_d_sawdust-a.raw;
	  f vertical_meters = 4.000000;
	}
	[t:decal,n:*]
	{
		decal_orientation = 0.958798,0.257172,0.120701,0.000000,0.424870,-0.905254,-0.284088,0.867956,0.407364;
		decal_origin = -0.143645,-0.392152,-2.283691,0x21E99BEE;
	  f far_plane = 1.100000;
	  x guid = 0xEFBCCA8B;
	  f horizontal_meters = 4.000000;
	  f lod = 1.000000;
	  f near_plane = 0.100000;
		texture = art\bitmaps\decals\b_d_sawdust-a.raw;
	  f vertical_meters = 4.000000;
	}
	[t:decal,n:*]
	{
		decal_orientation = 0.997366,0.063518,0.035027,0.000000,0.482895,-0.875678,-0.072536,0.873372,0.481623;
		decal_origin = -0.085394,0.406940,-0.693848,0x21E99BEE;
	  f far_plane = 1.100000;
	  x guid = 0x3D9F395D;
	  f horizontal_meters = 4.000000;
	  f lod = 1.000000;
	  f near_plane = 0.100000;
		texture = art\bitmaps\decals\b_d_sawdust-a.raw;
	  f vertical_meters = 4.000000;
	}
	[t:decal,n:*]
	{
		decal_orientation = 0.982741,0.154013,0.102469,0.000000,0.553929,-0.832564,-0.184987,0.818195,0.544369;
		decal_origin = -0.179876,1.486727,1.164805,0x21E99BEE;
	  f far_plane = 1.100000;
	  x guid = 0xE79D5E29;
	  f horizontal_meters = 4.000000;
	  f lod = 1.000000;
	  f near_plane = 0.100000;
		texture = art\bitmaps\decals\b_d_sawdust-a.raw;
	  f vertical_meters = 4.000000;
	}
	[t:decal,n:*]
	{
		decal_orientation = 0.985961,0.143609,0.085193,0.000000,0.510211,-0.860049,-0.166977,0.847975,0.503048;
		decal_origin = 0.165044,2.671158,2.902599,0x21E99BEE;
	  f far_plane = 1.100000;
	  x guid = 0xE1C8F355;
	  f horizontal_meters = 4.000000;
	  f lod = 1.000000;
	  f near_plane = 0.100000;
		texture = art\bitmaps\decals\b_d_sawdust-a.raw;
	  f vertical_meters = 4.000000;
	}
	[t:decal,n:*]
	{
		decal_orientation = 0.000000,-1.000000,0.000000,0.000000,0.000000,-1.000000,1.000000,0.000000,0.000000;
		decal_origin = 3.612039,13.000001,0.534383,0xE17B9BB2;
	  f far_plane = 1.100000;
	  x guid = 0x67C59C7B;
	  f horizontal_meters = 4.000000;
	  f lod = 1.000000;
	  f near_plane = 0.100000;
		texture = art\bitmaps\decals\b_d_sawdust-a.raw;
	  f vertical_meters = 4.000000;
	}
	[t:decal,n:*]
	{
		decal_orientation = -0.707107,-0.707107,0.000000,0.000000,-0.000000,-1.000000,0.707107,-0.707107,0.000000;
		decal_origin = 1.501747,13.000000,1.319600,0xE17B9BB2;
	  f far_plane = 1.100000;
	  x guid = 0x5655DBD1;
	  f horizontal_meters = 4.000000;
	  f lod = 1.000000;
	  f near_plane = 0.100000;
		texture = art\bitmaps\decals\b_d_sawdust-a.raw;
	  f vertical_meters = 4.000000;
	}
	[t:decal,n:*]
	{
		decal_orientation = -0.707107,-0.707107,0.000000,0.000000,-0.000000,-1.000000,0.707107,-0.707107,0.000000;
		decal_origin = -1.181860,1.000001,-1.411499,0x26DE5EDE;
	  f far_plane = 1.100000;
	  x guid = 0xDF841893;
	  f horizontal_meters = 4.000000;
	  f lod = 1.000000;
	  f near_plane = 0.100000;
		texture = art\bitmaps\decals\b_d_sawdust-a.raw;
	  f vertical_meters = 4.000000;
	}
	[t:decal,n:*]
	{
		decal_orientation = 0.000000,-1.000000,0.000000,0.000000,0.000000,-1.000000,1.000000,0.000000,0.000000;
		decal_origin = 0.292302,1.000000,-0.187546,0x26DE5EDE;
	  f far_plane = 1.100000;
	  x guid = 0x04770570;
	  f horizontal_meters = 4.000000;
	  f lod = 1.000000;
	  f near_plane = 0.100000;
		texture = art\bitmaps\decals\b_d_sawdust-a.raw;
	  f vertical_meters = 4.000000;
	}
	[t:decal,n:*]
	{
		decal_orientation = 0.980581,-0.190685,-0.045835,-0.000000,0.233713,-0.972306,0.196116,0.953424,0.229175;
		decal_origin = -0.144394,-0.954344,-3.793401,0x108442EE;
	  f far_plane = 1.100000;
	  x guid = 0xD3571C91;
	  f horizontal_meters = 4.000000;
	  f lod = 1.000000;
	  f near_plane = 0.100000;
		texture = art\bitmaps\decals\b_d_sawdust-a.raw;
	  f vertical_meters = 4.000000;
	}
	[t:decal,n:*]
	{
		decal_orientation = 0.958798,0.257172,0.120701,0.000000,0.424870,-0.905254,-0.284088,0.867956,0.407364;
		decal_origin = -0.165696,-0.159765,-1.760741,0x108442EE;
	  f far_plane = 1.100000;
	  x guid = 0xBAA1E481;
	  f horizontal_meters = 4.000000;
	  f lod = 1.000000;
	  f near_plane = 0.100000;
		texture = art\bitmaps\decals\b_d_sawdust-a.raw;
	  f vertical_meters = 4.000000;
	}
	[t:decal,n:*]
	{
		decal_orientation = 0.997366,0.063518,0.035027,0.000000,0.482895,-0.875678,-0.072536,0.873372,0.481623;
		decal_origin = -0.042870,0.721110,-0.125721,0x108442EE;
	  f far_plane = 1.100000;
	  x guid = 0xE26A016C;
	  f horizontal_meters = 4.000000;
	  f lod = 1.000000;
	  f near_plane = 0.100000;
		texture = art\bitmaps\decals\b_d_sawdust-a.raw;
	  f vertical_meters = 4.000000;
	}
	[t:decal,n:*]
	{
		decal_orientation = 0.891789,0.364885,0.267528,-0.000000,0.591286,-0.806462,-0.452452,0.719194,0.527302;
		decal_origin = -0.076804,1.890618,1.728173,0x108442EE;
	  f far_plane = 1.100000;
	  x guid = 0x04FA9DBB;
	  f horizontal_meters = 4.000000;
	  f lod = 1.000000;
	  f near_plane = 0.100000;
		texture = art\bitmaps\decals\b_d_sawdust-a.raw;
	  f vertical_meters = 4.000000;
	}
	[t:decal,n:*]
	{
		decal_orientation = 0.000000,-1.000000,0.000000,0.000000,0.000000,-1.000000,1.000000,0.000000,0.000000;
		decal_origin = 0.013023,1.000000,1.766259,0x28AAFE51;
	  f far_plane = 1.100000;
	  x guid = 0x8CFEAA47;
	  f horizontal_meters = 4.000000;
	  f lod = 1.000000;
	  f near_plane = 0.100000;
		texture = art\bitmaps\decals\b_d_sawdust-a.raw;
	  f vertical_meters = 4.000000;
	}
	[t:decal,n:*]
	{
		decal_orientation = -0.707107,-0.707107,0.000000,0.000000,-0.000000,-1.000000,0.707107,-0.707107,0.000000;
		decal_origin = 0.952927,1.000000,-0.655244,0x28AAFE51;
	  f far_plane = 1.100000;
	  x guid = 0xDC804A6B;
	  f horizontal_meters = 4.000000;
	  f lod = 1.000000;
	  f near_plane = 0.100000;
		texture = art\bitmaps\decals\b_d_sawdust-a.raw;
	  f vertical_meters = 4.000000;
	}
	[t:decal,n:*]
	{
		decal_orientation = -0.707107,0.707107,-0.000000,0.000000,-0.000000,-1.000000,-0.707107,-0.707107,0.000000;
		decal_origin = 1.829378,1.000000,1.637650,0xA8B81123;
	  f far_plane = 1.100000;
	  x guid = 0x3431F21D;
	  f horizontal_meters = 4.000000;
	  f lod = 1.000000;
	  f near_plane = 0.100000;
		texture = art\bitmaps\decals\b_d_sawdust-a.raw;
	  f vertical_meters = 4.000000;
	}
	[t:decal,n:*]
	{
		decal_orientation = -0.707107,-0.707107,0.000000,0.000000,-0.000000,-1.000000,0.707107,-0.707107,0.000000;
		decal_origin = 0.414759,0.999999,0.040558,0xA8B81123;
	  f far_plane = 1.100000;
	  x guid = 0x61703717;
	  f horizontal_meters = 4.000000;
	  f lod = 1.000000;
	  f near_plane = 0.100000;
		texture = art\bitmaps\decals\b_d_sawdust-a.raw;
	  f vertical_meters = 4.000000;
	}
	[t:decal,n:*]
	{
		decal_orientation = -0.707107,0.707107,-0.000000,0.000000,-0.000000,-1.000000,-0.707107,-0.707107,0.000000;
		decal_origin = -0.670273,1.000001,-1.941116,0xA8B81123;
	  f far_plane = 1.100000;
	  x guid = 0x2C9ED0E4;
	  f horizontal_meters = 4.000000;
	  f lod = 1.000000;
	  f near_plane = 0.100000;
		texture = art\bitmaps\decals\b_d_sawdust-a.raw;
	  f vertical_meters = 4.000000;
	}
	[t:decal,n:*]
	{
		decal_orientation = -0.707107,-0.707107,0.000000,0.000000,-0.000000,-1.000000,0.707107,-0.707107,0.000000;
		decal_origin = 1.941925,13.000001,1.795713,0x6562149B;
	  f far_plane = 1.100000;
	  x guid = 0x01AFC8CC;
	  f horizontal_meters = 4.000000;
	  f lod = 1.000000;
	  f near_plane = 0.100000;
		texture = art\bitmaps\decals\b_d_sawdust-a.raw;
	  f vertical_meters = 4.000000;
	}
	[t:decal,n:*]
	{
		decal_orientation = -0.707107,-0.707107,0.000000,0.000000,-0.000000,-1.000000,0.707107,-0.707107,0.000000;
		decal_origin = -3.554726,-11.000001,-5.535177,0xDAA69130;
	  f far_plane = 1.100000;
	  x guid = 0xEB295468;
	  f horizontal_meters = 4.000000;
	  f lod = 1.000000;
	  f near_plane = 0.100000;
		texture = art\bitmaps\decals\b_d_sawdust-a.raw;
	  f vertical_meters = 4.000000;
	}
	[t:decal,n:*]
	{
		decal_orientation = 0.000000,-1.000000,0.000000,0.000000,0.000000,-1.000000,1.000000,0.000000,0.000000;
		decal_origin = 0.902824,1.000000,0.749527,0x1952C3D7;
	  f far_plane = 1.100000;
	  x guid = 0x639CD4F9;
	  f horizontal_meters = 4.000000;
	  f lod = 1.000000;
	  f near_plane = 0.100000;
		texture = art\bitmaps\decals\b_d_sawdust-a.raw;
	  f vertical_meters = 4.000000;
	}
	[t:decal,n:*]
	{
		decal_orientation = 0.000000,-1.000000,0.000000,0.000000,0.000000,-1.000000,1.000000,0.000000,0.000000;
		decal_origin = 0.467876,1.000000,-1.457176,0x1952C3D7;
	  f far_plane = 1.100000;
	  x guid = 0x78F03A4D;
	  f horizontal_meters = 4.000000;
	  f lod = 1.000000;
	  f near_plane = 0.100000;
		texture = art\bitmaps\decals\b_d_sawdust-a.raw;
	  f vertical_meters = 4.000000;
	}
	[t:decal,n:*]
	{
		decal_orientation = 0.000000,-1.000000,0.000000,0.000000,0.000000,-1.000000,1.000000,0.000000,0.000000;
		decal_origin = -0.251358,0.000000,-2.585770,0x004AC8F4;
	  f far_plane = 1.100000;
	  x guid = 0x16F2942A;
	  f horizontal_meters = 4.000000;
	  f lod = 1.000000;
	  f near_plane = 0.100000;
		texture = art\bitmaps\decals\b_d_sawdust-a.raw;
	  f vertical_meters = 4.000000;
	}
	[t:decal,n:*]
	{
		decal_orientation = 0.857493,0.444457,0.259160,0.000000,0.503717,-0.863868,-0.514496,0.740761,0.431934;
		decal_origin = -0.669153,0.640056,-1.256348,0x004AC8F4;
	  f far_plane = 1.100000;
	  x guid = 0x7176EAA7;
	  f horizontal_meters = 4.000000;
	  f lod = 1.000000;
	  f near_plane = 0.100000;
		texture = art\bitmaps\decals\b_d_sawdust-a.raw;
	  f vertical_meters = 4.000000;
	}
	[t:decal,n:*]
	{
		decal_orientation = 0.928477,0.326991,0.176090,0.000000,0.474137,-0.880451,-0.371391,0.817478,0.440225;
		decal_origin = -0.639284,1.434519,0.490440,0x004AC8F4;
	  f far_plane = 1.100000;
	  x guid = 0x2E539FE3;
	  f horizontal_meters = 4.000000;
	  f lod = 1.000000;
	  f near_plane = 0.100000;
		texture = art\bitmaps\decals\b_d_sawdust-a.raw;
	  f vertical_meters = 4.000000;
	}
	[t:decal,n:*]
	{
		decal_orientation = 0.707107,0.680414,0.192450,0.000000,0.272166,-0.962250,-0.707107,0.680414,0.192450;
		decal_origin = -0.512760,1.720527,1.792122,0x004AC8F4;
	  f far_plane = 1.100000;
	  x guid = 0xA4C3E502;
	  f horizontal_meters = 4.000000;
	  f lod = 1.000000;
	  f near_plane = 0.100000;
		texture = art\bitmaps\decals\b_d_sawdust-a.raw;
	  f vertical_meters = 4.000000;
	}
	[t:decal,n:*]
	{
		decal_orientation = 1.000000,0.000000,0.000000,0.000000,0.119145,-0.992877,0.000000,0.992877,0.119145;
		decal_origin = 0.041584,0.966677,-1.169212,0x3D15F41D;
	  f far_plane = 1.100000;
	  x guid = 0xC388AA80;
	  f horizontal_meters = 4.000000;
	  f lod = 1.000000;
	  f near_plane = 0.100000;
		texture = art\bitmaps\decals\b_d_sawdust-a.raw;
	  f vertical_meters = 4.000000;
	}
	[t:decal,n:*]
	{
		decal_orientation = 1.000000,0.000000,0.000000,0.000000,0.119145,-0.992877,0.000000,0.992877,0.119145;
		decal_origin = 0.233464,1.967524,3.169580,0x004AC8F4;
	  f far_plane = 1.100000;
	  x guid = 0x1B4AE3A4;
	  f horizontal_meters = 4.000000;
	  f lod = 1.000000;
	  f near_plane = 0.100000;
		texture = art\bitmaps\decals\b_d_sawdust-a.raw;
	  f vertical_meters = 4.000000;
	}
	[t:decal,n:*]
	{
		decal_orientation = 0.000000,-1.000000,0.000000,0.000000,0.000000,-1.000000,1.000000,0.000000,0.000000;
		decal_origin = 0.078133,1.000000,0.657166,0x3D15F41D;
	  f far_plane = 1.100000;
	  x guid = 0xCBA873DC;
	  f horizontal_meters = 4.000000;
	  f lod = 1.000000;
	  f near_plane = 0.100000;
		texture = art\bitmaps\decals\b_d_sawdust-a.raw;
	  f vertical_meters = 4.000000;
	}
	[t:decal,n:*]
	{
		decal_orientation = 0.000000,-1.000000,0.000000,0.000000,0.000000,-1.000000,1.000000,0.000000,0.000000;
		decal_origin = -0.208193,1.000000,1.398024,0xD1B11669;
	  f far_plane = 1.100000;
	  x guid = 0x0DC26D30;
	  f horizontal_meters = 4.000000;
	  f lod = 1.000000;
	  f near_plane = 0.100000;
		texture = art\bitmaps\decals\b_d_sawdust-a.raw;
	  f vertical_meters = 4.000000;
	}
	[t:decal,n:*]
	{
		decal_orientation = 0.000000,-1.000000,0.000000,0.000000,0.000000,-1.000000,1.000000,0.000000,0.000000;
		decal_origin = -0.213259,0.999998,-1.121937,0xD1B11669;
	  f far_plane = 1.100000;
	  x guid = 0x13C482DA;
	  f horizontal_meters = 4.000000;
	  f lod = 1.000000;
	  f near_plane = 0.100000;
		texture = art\bitmaps\decals\b_d_sawdust-a.raw;
	  f vertical_meters = 4.000000;
	}
	[t:decal,n:*]
	{
		decal_orientation = 0.000000,-1.000000,0.000000,0.000000,0.000000,-1.000000,1.000000,0.000000,0.000000;
		decal_origin = -0.254419,1.000000,0.870070,0x4CC06186;
	  f far_plane = 1.100000;
	  x guid = 0x8B7022E4;
	  f horizontal_meters = 4.000000;
	  f lod = 1.000000;
	  f near_plane = 0.100000;
		texture = art\bitmaps\decals\b_d_sawdust-a.raw;
	  f vertical_meters = 4.000000;
	}
	[t:decal,n:*]
	{
		decal_orientation = 0.000000,-1.000000,0.000000,0.000000,0.000000,-1.000000,1.000000,0.000000,0.000000;
		decal_origin = -0.050897,1.000000,-1.290315,0x4CC06186;
	  f far_plane = 1.100000;
	  x guid = 0x0A876173;
	  f horizontal_meters = 4.000000;
	  f lod = 1.000000;
	  f near_plane = 0.100000;
		texture = art\bitmaps\decals\b_d_sawdust-a.raw;
	  f vertical_meters = 4.000000;
	}
	[t:decal,n:*]
	{
		decal_orientation = 0.000000,-1.000000,0.000000,0.000000,0.000000,-1.000000,1.000000,0.000000,0.000000;
		decal_origin = 0.166733,1.000000,0.657191,0xE1484A99;
	  f far_plane = 1.100000;
	  x guid = 0x714EF25E;
	  f horizontal_meters = 4.000000;
	  f lod = 1.000000;
	  f near_plane = 0.100000;
		texture = art\bitmaps\decals\b_d_sawdust-a.raw;
	  f vertical_meters = 4.000000;
	}
	[t:decal,n:*]
	{
		decal_orientation = 0.000000,-1.000000,0.000000,0.000000,0.000000,-1.000000,1.000000,0.000000,0.000000;
		decal_origin = 0.094114,0.999999,-1.981125,0xE1484A99;
	  f far_plane = 1.100000;
	  x guid = 0x325707D8;
	  f horizontal_meters = 4.000000;
	  f lod = 1.000000;
	  f near_plane = 0.100000;
		texture = art\bitmaps\decals\b_d_sawdust-a.raw;
	  f vertical_meters = 4.000000;
	}
	[t:decal,n:*]
	{
		decal_orientation = -0.707107,-0.707107,0.000000,0.000000,-0.000000,-1.000000,0.707107,-0.707107,0.000000;
		decal_origin = 2.449997,13.000001,0.467585,0x367A5BA6;
	  f far_plane = 1.100000;
	  x guid = 0x21B666D5;
	  f horizontal_meters = 4.000000;
	  f lod = 1.000000;
	  f near_plane = 0.100000;
		texture = art\bitmaps\decals\b_d_sawdust-a.raw;
	  f vertical_meters = 4.000000;
	}
	[t:decal,n:*]
	{
		decal_orientation = 0.000000,-1.000000,0.000000,0.000000,0.000000,-1.000000,1.000000,0.000000,0.000000;
		decal_origin = 0.540184,13.000000,1.433746,0x367A5BA6;
	  f far_plane = 1.100000;
	  x guid = 0x130511D7;
	  f horizontal_meters = 4.000000;
	  f lod = 1.000000;
	  f near_plane = 0.100000;
		texture = art\bitmaps\decals\b_d_sawdust-a.raw;
	  f vertical_meters = 4.000000;
	}
	[t:decal,n:*]
	{
		decal_orientation = -0.707107,-0.707107,0.000000,0.000000,-0.000000,-1.000000,0.707107,-0.707107,0.000000;
		decal_origin = -1.404297,-11.000001,-5.503378,0x0613AC62;
	  f far_plane = 1.100000;
	  x guid = 0x30AA5218;
	  f horizontal_meters = 4.000000;
	  f lod = 1.000000;
	  f near_plane = 0.100000;
		texture = art\bitmaps\decals\b_d_sawdust-a.raw;
	  f vertical_meters = 4.000000;
	}
	[t:decal,n:*]
	{
		decal_orientation = 0.000000,-1.000000,0.000000,0.000000,0.000000,-1.000000,1.000000,0.000000,0.000000;
		decal_origin = -3.098206,-11.000000,-4.744921,0x0613AC62;
	  f far_plane = 1.100000;
	  x guid = 0x238F8326;
	  f horizontal_meters = 4.000000;
	  f lod = 1.000000;
	  f near_plane = 0.100000;
		texture = art\bitmaps\decals\b_d_sawdust-a.raw;
	  f vertical_meters = 4.000000;
	}
	[t:decal,n:*]
	{
		decal_orientation = 0.000000,-1.000000,0.000000,0.000000,0.000000,-1.000000,1.000000,0.000000,0.000000;
		decal_origin = -2.480713,1.000001,0.445961,0x732C9BF0;
	  f far_plane = 1.100000;
	  x guid = 0x3C903566;
	  f horizontal_meters = 4.000000;
	  f lod = 1.000000;
	  f near_plane = 0.100000;
		texture = art\bitmaps\decals\b_d_sawdust-a.raw;
	  f vertical_meters = 4.000000;
	}
	[t:decal,n:*]
	{
		decal_orientation = 0.000000,-1.000000,0.000000,0.000000,0.000000,-1.000000,1.000000,0.000000,0.000000;
		decal_origin = 1.371239,0.999999,0.236322,0x732C9BF0;
	  f far_plane = 1.100000;
	  x guid = 0xC743DA64;
	  f horizontal_meters = 4.000000;
	  f lod = 1.000000;
	  f near_plane = 0.100000;
		texture = art\bitmaps\decals\b_d_sawdust-a.raw;
	  f vertical_meters = 4.000000;
	}
	[t:decal,n:*]
	{
		decal_orientation = 0.000000,-1.000000,0.000000,0.000000,0.000000,-1.000000,1.000000,0.000000,0.000000;
		decal_origin = -1.116020,1.000001,0.222509,0x732C9BF0;
	  f far_plane = 1.100000;
	  x guid = 0x483BF672;
	  f horizontal_meters = 4.000000;
	  f lod = 1.000000;
	  f near_plane = 0.100000;
		texture = art\bitmaps\decals\b_d_sawdust-a.raw;
	  f vertical_meters = 4.000000;
	}
	[t:decal,n:*]
	{
		decal_orientation = -0.707107,-0.707107,0.000000,0.000000,-0.000000,-1.000000,0.707107,-0.707107,0.000000;
		decal_origin = 3.714630,0.999969,0.095390,0x732C9BF0;
	  f far_plane = 1.100000;
	  x guid = 0x04607A32;
	  f horizontal_meters = 4.000000;
	  f lod = 1.000000;
	  f near_plane = 0.100000;
		texture = art\bitmaps\decals\b_d_sawdust-a.raw;
	  f vertical_meters = 4.000000;
	}
	[t:decal,n:*]
	{
		decal_orientation = 0.000000,-1.000000,0.000000,0.000000,0.000000,-1.000000,1.000000,0.000000,0.000000;
		decal_origin = -2.483292,1.000001,0.043289,0xA357B36D;
	  f far_plane = 1.100000;
	  x guid = 0x8AB71354;
	  f horizontal_meters = 4.000000;
	  f lod = 1.000000;
	  f near_plane = 0.100000;
		texture = art\bitmaps\decals\b_d_sawdust-a.raw;
	  f vertical_meters = 4.000000;
	}
	[t:decal,n:*]
	{
		decal_orientation = 0.707107,-0.707107,0.000000,0.000000,0.000000,-1.000000,0.707107,0.707107,0.000000;
		decal_origin = -0.478012,1.000000,-0.624508,0xA357B36D;
	  f far_plane = 1.100000;
	  x guid = 0x0D3AA163;
	  f horizontal_meters = 4.000000;
	  f lod = 1.000000;
	  f near_plane = 0.100000;
		texture = art\bitmaps\decals\b_d_sawdust-a.raw;
	  f vertical_meters = 4.000000;
	}
	[t:decal,n:*]
	{
		decal_orientation = 0.707107,-0.707107,0.000000,0.000000,0.000000,-1.000000,0.707107,0.707107,0.000000;
		decal_origin = 1.047714,1.000000,-1.998245,0xA357B36D;
	  f far_plane = 1.100000;
	  x guid = 0xE5C0787A;
	  f horizontal_meters = 4.000000;
	  f lod = 1.000000;
	  f near_plane = 0.100000;
		texture = art\bitmaps\decals\b_d_sawdust-a.raw;
	  f vertical_meters = 4.000000;
	}
	[t:decal,n:*]
	{
		decal_orientation = 0.707107,-0.707107,0.000000,0.000000,0.000000,-1.000000,0.707107,0.707107,0.000000;
		decal_origin = -2.720055,1.000000,-1.632294,0xD4249E53;
	  f far_plane = 1.100000;
	  x guid = 0x087DA37D;
	  f horizontal_meters = 4.000000;
	  f lod = 1.000000;
	  f near_plane = 0.100000;
		texture = art\bitmaps\decals\b_d_sawdust-a.raw;
	  f vertical_meters = 4.000000;
	}
	[t:decal,n:*]
	{
		decal_orientation = 0.000000,-1.000000,0.000000,0.000000,0.000000,-1.000000,1.000000,0.000000,0.000000;
		decal_origin = -1.109886,1.000000,-0.687073,0xD4249E53;
	  f far_plane = 1.100000;
	  x guid = 0xFD3A9662;
	  f horizontal_meters = 4.000000;
	  f lod = 1.000000;
	  f near_plane = 0.100000;
		texture = art\bitmaps\decals\b_d_sawdust-a.raw;
	  f vertical_meters = 4.000000;
	}
	[t:decal,n:*]
	{
		decal_orientation = 0.000000,-1.000000,0.000000,0.000000,0.000000,-1.000000,1.000000,0.000000,0.000000;
		decal_origin = 0.812492,1.000000,-0.472977,0xD4249E53;
	  f far_plane = 1.100000;
	  x guid = 0x9021720D;
	  f horizontal_meters = 4.000000;
	  f lod = 1.000000;
	  f near_plane = 0.100000;
		texture = art\bitmaps\decals\b_d_sawdust-a.raw;
	  f vertical_meters = 4.000000;
	}
	[t:decal,n:*]
	{
		decal_orientation = -0.707107,-0.707107,0.000000,0.000000,-0.000000,-1.000000,0.707107,-0.707107,0.000000;
		decal_origin = 2.575356,1.000000,0.036377,0xD4249E53;
	  f far_plane = 1.100000;
	  x guid = 0xE2785675;
	  f horizontal_meters = 4.000000;
	  f lod = 1.000000;
	  f near_plane = 0.100000;
		texture = art\bitmaps\decals\b_d_sawdust-a.raw;
	  f vertical_meters = 4.000000;
	}
	[t:decal,n:*]
	{
		decal_orientation = 0.000000,-1.000000,0.000000,0.000000,0.000000,-1.000000,1.000000,0.000000,0.000000;
		decal_origin = 0.376953,1.000001,-1.372677,0xA4DAF07E;
	  f far_plane = 1.100000;
	  x guid = 0x46C704C5;
	  f horizontal_meters = 4.000000;
	  f lod = 1.000000;
	  f near_plane = 0.100000;
		texture = art\bitmaps\decals\b_d_sawdust-a.raw;
	  f vertical_meters = 4.000000;
	}
	[t:decal,n:*]
	{
		decal_orientation = 0.707107,-0.707107,0.000000,0.000000,0.000000,-1.000000,0.707107,0.707107,0.000000;
		decal_origin = 1.964905,0.999999,0.265793,0xA4DAF07E;
	  f far_plane = 1.100000;
	  x guid = 0x8EA92169;
	  f horizontal_meters = 4.000000;
	  f lod = 1.000000;
	  f near_plane = 0.100000;
		texture = art\bitmaps\decals\b_d_sawdust-a.raw;
	  f vertical_meters = 4.000000;
	}
	[t:decal,n:*]
	{
		decal_orientation = -1.000000,0.000000,-0.000000,-0.000000,-0.000000,-1.000000,-0.000000,-1.000000,0.000000;
		decal_origin = 3.445465,-1.000000,-3.920601,0x2D09581A;
	  f far_plane = 1.100000;
	  x guid = 0xE234EC4A;
	  f horizontal_meters = 4.000000;
	  f lod = 1.000000;
	  f near_plane = 0.100000;
		texture = art\bitmaps\decals\b_d_sawdust-a.raw;
	  f vertical_meters = 4.000000;
	}
	[t:decal,n:*]
	{
		decal_orientation = -0.707107,-0.707107,0.000000,0.000000,-0.000000,-1.000000,0.707107,-0.707107,0.000000;
		decal_origin = -2.645748,1.000000,1.042267,0x8C0085A7;
	  f far_plane = 1.100000;
	  x guid = 0xD066E04D;
	  f horizontal_meters = 4.000000;
	  f lod = 1.000000;
	  f near_plane = 0.100000;
		texture = art\bitmaps\decals\b_d_sawdust-a.raw;
	  f vertical_meters = 4.000000;
	}
	[t:decal,n:*]
	{
		decal_orientation = 0.000000,-1.000000,0.000000,0.000000,0.000000,-1.000000,1.000000,0.000000,0.000000;
		decal_origin = -0.805084,0.999999,0.518936,0x8C0085A7;
	  f far_plane = 1.100000;
	  x guid = 0xB8EBCFED;
	  f horizontal_meters = 4.000000;
	  f lod = 1.000000;
	  f near_plane = 0.100000;
		texture = art\bitmaps\decals\b_d_sawdust-a.raw;
	  f vertical_meters = 4.000000;
	}
	[t:decal,n:*]
	{
		decal_orientation = 0.000000,-1.000000,0.000000,0.000000,0.000000,-1.000000,1.000000,0.000000,0.000000;
		decal_origin = 1.240604,1.000000,0.430145,0x8C0085A7;
	  f far_plane = 1.100000;
	  x guid = 0x5CED4060;
	  f horizontal_meters = 4.000000;
	  f lod = 1.000000;
	  f near_plane = 0.100000;
		texture = art\bitmaps\decals\b_d_sawdust-a.raw;
	  f vertical_meters = 4.000000;
	}
	[t:decal,n:*]
	{
		decal_orientation = 0.000000,-1.000000,0.000000,0.000000,0.000000,-1.000000,1.000000,0.000000,0.000000;
		decal_origin = 3.210339,0.999999,0.395630,0x8C0085A7;
	  f far_plane = 1.100000;
	  x guid = 0x7CA40965;
	  f horizontal_meters = 4.000000;
	  f lod = 1.000000;
	  f near_plane = 0.100000;
		texture = art\bitmaps\decals\b_d_sawdust-a.raw;
	  f vertical_meters = 4.000000;
	}
	[t:decal,n:*]
	{
		decal_orientation = 0.000000,-1.000000,0.000000,0.000000,0.000000,-1.000000,1.000000,0.000000,0.000000;
		decal_origin = -2.718010,1.000000,0.416443,0x4CEFE9F9;
	  f far_plane = 1.100000;
	  x guid = 0xB4A5F46B;
	  f horizontal_meters = 4.000000;
	  f lod = 1.000000;
	  f near_plane = 0.100000;
		texture = art\bitmaps\decals\b_d_sawdust-a.raw;
	  f vertical_meters = 4.000000;
	}
	[t:decal,n:*]
	{
		decal_orientation = 0.000000,-1.000000,0.000000,0.000000,0.000000,-1.000000,1.000000,0.000000,0.000000;
		decal_origin = -0.868809,1.000000,0.282562,0x4CEFE9F9;
	  f far_plane = 1.100000;
	  x guid = 0x3A5FD44D;
	  f horizontal_meters = 4.000000;
	  f lod = 1.000000;
	  f near_plane = 0.100000;
		texture = art\bitmaps\decals\b_d_sawdust-a.raw;
	  f vertical_meters = 4.000000;
	}
	[t:decal,n:*]
	{
		decal_orientation = 0.000000,-1.000000,0.000000,0.000000,0.000000,-1.000000,1.000000,0.000000,0.000000;
		decal_origin = 1.092781,1.000000,0.126328,0x4CEFE9F9;
	  f far_plane = 1.100000;
	  x guid = 0xD4F646FF;
	  f horizontal_meters = 4.000000;
	  f lod = 1.000000;
	  f near_plane = 0.100000;
		texture = art\bitmaps\decals\b_d_sawdust-a.raw;
	  f vertical_meters = 4.000000;
	}
	[t:decal,n:*]
	{
		decal_orientation = 0.000000,-1.000000,0.000000,0.000000,0.000000,-1.000000,1.000000,0.000000,0.000000;
		decal_origin = 3.323048,0.999999,0.135086,0x4CEFE9F9;
	  f far_plane = 1.100000;
	  x guid = 0xB9A83BD5;
	  f horizontal_meters = 4.000000;
	  f lod = 1.000000;
	  f near_plane = 0.100000;
		texture = art\bitmaps\decals\b_d_sawdust-a.raw;
	  f vertical_meters = 4.000000;
	}
	[t:decal,n:*]
	{
		decal_orientation = 0.000000,-1.000000,0.000000,0.000000,0.000000,-1.000000,1.000000,0.000000,0.000000;
		decal_origin = -2.900684,1.000000,0.165924,0xFEE3B561;
	  f far_plane = 1.100000;
	  x guid = 0x13278CB6;
	  f horizontal_meters = 4.000000;
	  f lod = 1.000000;
	  f near_plane = 0.100000;
		texture = art\bitmaps\decals\b_d_sawdust-a.raw;
	  f vertical_meters = 4.000000;
	}
	[t:decal,n:*]
	{
		decal_orientation = 0.000000,-1.000000,0.000000,0.000000,0.000000,-1.000000,1.000000,0.000000,0.000000;
		decal_origin = -0.337372,0.999999,-0.005081,0xFEE3B561;
	  f far_plane = 1.100000;
	  x guid = 0x19A8E3A4;
	  f horizontal_meters = 4.000000;
	  f lod = 1.000000;
	  f near_plane = 0.100000;
		texture = art\bitmaps\decals\b_d_sawdust-a.raw;
	  f vertical_meters = 4.000000;
	}
	[t:decal,n:*]
	{
		decal_orientation = -0.707107,-0.707107,0.000000,0.000000,-0.000000,-1.000000,0.707107,-0.707107,0.000000;
		decal_origin = 1.902653,1.000001,0.105682,0xFEE3B561;
	  f far_plane = 1.100000;
	  x guid = 0x5B8C5234;
	  f horizontal_meters = 4.000000;
	  f lod = 1.000000;
	  f near_plane = 0.100000;
		texture = art\bitmaps\decals\b_d_sawdust-a.raw;
	  f vertical_meters = 4.000000;
	}
	[t:decal,n:*]
	{
		decal_orientation = -0.707107,-0.707107,0.000000,0.000000,-0.000000,-1.000000,0.707107,-0.707107,0.000000;
		decal_origin = 3.492210,1.000000,1.616104,0xFEE3B561;
	  f far_plane = 1.100000;
	  x guid = 0x6CD26712;
	  f horizontal_meters = 4.000000;
	  f lod = 1.000000;
	  f near_plane = 0.100000;
		texture = art\bitmaps\decals\b_d_sawdust-a.raw;
	  f vertical_meters = 4.000000;
	}
	[t:decal,n:*]
	{
		decal_orientation = -0.707107,-0.707107,0.000000,0.000000,-0.000000,-1.000000,0.707107,-0.707107,0.000000;
		decal_origin = -3.140236,1.000001,-2.740082,0x45CCA667;
	  f far_plane = 1.100000;
	  x guid = 0x6606045B;
	  f horizontal_meters = 4.000000;
	  f lod = 1.000000;
	  f near_plane = 0.100000;
		texture = art\bitmaps\decals\b_d_sawdust-a.raw;
	  f vertical_meters = 4.000000;
	}
	[t:decal,n:*]
	{
		decal_orientation = 0.000000,-1.000000,0.000000,0.000000,0.000000,-1.000000,1.000000,0.000000,0.000000;
		decal_origin = -2.548698,1.000000,-1.105347,0x45CCA667;
	  f far_plane = 1.100000;
	  x guid = 0xFB8FBDF3;
	  f horizontal_meters = 4.000000;
	  f lod = 1.000000;
	  f near_plane = 0.100000;
		texture = art\bitmaps\decals\b_d_sawdust-a.raw;
	  f vertical_meters = 4.000000;
	}
	[t:decal,n:*]
	{
		decal_orientation = 0.000000,-1.000000,0.000000,0.000000,0.000000,-1.000000,1.000000,0.000000,0.000000;
		decal_origin = -2.545731,1.000001,0.820511,0x45CCA667;
	  f far_plane = 1.100000;
	  x guid = 0xBBA12BF3;
	  f horizontal_meters = 4.000000;
	  f lod = 1.000000;
	  f near_plane = 0.100000;
		texture = art\bitmaps\decals\b_d_sawdust-a.raw;
	  f vertical_meters = 4.000000;
	}
	[t:decal,n:*]
	{
		decal_orientation = -1.000000,0.000000,0.000000,0.000000,0.000000,-1.000000,0.000000,-1.000000,0.000000;
		decal_origin = 1.430923,1.000000,-0.671196,0xFC9AA1DA;
	  f far_plane = 1.100000;
	  x guid = 0xA62F16F1;
	  f horizontal_meters = 4.000000;
	  f lod = 1.000000;
	  f near_plane = 0.100000;
		texture = art\bitmaps\decals\b_d_sawdust-a.raw;
	  f vertical_meters = 4.000000;
	}
	[t:decal,n:*]
	{
		decal_orientation = 0.000000,-1.000000,0.000000,0.000000,0.000000,-1.000000,1.000000,0.000000,0.000000;
		decal_origin = -2.426407,0.999999,2.376633,0x45CCA667;
	  f far_plane = 1.100000;
	  x guid = 0x9CCB6F5C;
	  f horizontal_meters = 4.000000;
	  f lod = 1.000000;
	  f near_plane = 0.100000;
		texture = art\bitmaps\decals\b_d_sawdust-a.raw;
	  f vertical_meters = 4.000000;
	}
	[t:decal,n:*]
	{
