[decals]
{
	[t:decal,n:*]
	{
		decal_orientation = -0.999980,-0.005661,-0.002722,0.000000,0.433433,-0.901186,0.006281,-0.901168,-0.433425;
		decal_origin = -31.688454,8.755358,-52.641552,0x4EF8F17E;
	  f far_plane = 1.100000;
	  x guid = 0xFC7BF841;
	  f horizontal_meters = 6.000000;
	  f lod = 1.000000;
	  f near_plane = 0.100000;
		texture = Art\Bitmaps\Decals\b_d_for01-b.%img%;
	  f vertical_meters = 6.000000;
	}
	[t:decal,n:*]
	{
		decal_orientation = -1.000000,0.000000,0.000000,0.000000,0.534823,-0.844964,0.000000,-0.844964,-0.534823;
		decal_origin = -33.237801,8.401670,-52.290855,0x4EF8F17E;
	  f far_plane = 1.100000;
	  x guid = 0x3BE2473B;
	  f horizontal_meters = 6.000000;
	  f lod = 1.000000;
	  f near_plane = 0.100000;
		texture = Art\Bitmaps\Decals\b_d_for01-b.%img%;
	  f vertical_meters = 6.000000;
	}
	[t:decal,n:*]
	{
		decal_orientation = -0.357479,-0.874526,-0.327741,0.000000,0.350930,-0.936402,0.933921,-0.334744,-0.125450;
		decal_origin = -30.429659,8.751274,-53.499702,0x4EF8F17E;
	  f far_plane = 1.100000;
	  x guid = 0xC3854866;
	  f horizontal_meters = 6.000000;
	  f lod = 1.000000;
	  f near_plane = 0.100000;
		texture = Art\Bitmaps\Decals\b_d_for01-b.%img%;
	  f vertical_meters = 6.000000;
	}
	[t:decal,n:*]
	{
		decal_orientation = -0.984557,0.165259,0.057765,0.000000,0.329968,-0.943992,-0.175064,-0.929414,-0.324872;
		decal_origin = -35.399231,8.085991,-52.227207,0x4EF8F17E;
	  f far_plane = 1.100000;
	  x guid = 0x5F083372;
	  f horizontal_meters = 6.000000;
	  f lod = 1.000000;
	  f near_plane = 0.100000;
		texture = Art\Bitmaps\Decals\b_d_for01-b.%img%;
	  f vertical_meters = 6.000000;
	}
	[t:decal,n:*]
	{
		decal_orientation = -0.755165,0.596511,0.271845,0.000000,0.414692,-0.909962,-0.655534,-0.687172,-0.313161;
		decal_origin = -37.146236,7.564938,-51.699898,0x4EF8F17E;
	  f far_plane = 1.100000;
	  x guid = 0xEFF03D6F;
	  f horizontal_meters = 6.000000;
	  f lod = 1.000000;
	  f near_plane = 0.100000;
		texture = Art\Bitmaps\Decals\b_d_for01-b.%img%;
	  f vertical_meters = 6.000000;
	}
	[t:decal,n:*]
	{
		decal_orientation = -0.903278,0.352111,0.245167,0.000000,0.571411,-0.820664,-0.429056,-0.741288,-0.516143;
		decal_origin = -37.148678,7.095345,-50.900166,0x4EF8F17E;
	  f far_plane = 1.100000;
	  x guid = 0xE509FC9E;
	  f horizontal_meters = 6.000000;
	  f lod = 1.000000;
	  f near_plane = 0.100000;
		texture = Art\Bitmaps\Decals\b_d_for01-b.%img%;
	  f vertical_meters = 6.000000;
	}
	[t:decal,n:*]
	{
		decal_orientation = -0.998959,-0.045280,-0.005472,0.000000,0.119984,-0.992776,0.045610,-0.991743,-0.119859;
		decal_origin = -40.124111,6.074548,-49.835823,0x4EF8F17E;
	  f far_plane = 1.100000;
	  x guid = 0xCB8E6D69;
	  f horizontal_meters = 6.000000;
	  f lod = 1.000000;
	  f near_plane = 0.100000;
		texture = Art\Bitmaps\Decals\b_d_for01-b.%img%;
	  f vertical_meters = 6.000000;
	}
	[t:decal,n:*]
	{
		decal_orientation = -0.862168,0.462259,0.207325,0.000000,0.409229,-0.912432,-0.506623,-0.786669,-0.352824;
		decal_origin = -39.898159,6.376879,-50.443150,0x4EF8F17E;
	  f far_plane = 1.100000;
	  x guid = 0x335C2482;
	  f horizontal_meters = 6.000000;
	  f lod = 1.000000;
	  f near_plane = 0.100000;
		texture = Art\Bitmaps\Decals\b_d_for01-b.%img%;
	  f vertical_meters = 6.000000;
	}
	[t:decal,n:*]
	{
		decal_orientation = -0.969606,0.186916,0.157879,0.000000,0.645275,-0.763951,-0.244670,-0.740731,-0.625662;
		decal_origin = -39.042797,5.858197,-49.102524,0x4EF8F17E;
	  f far_plane = 1.100000;
	  x guid = 0xCB0974FA;
	  f horizontal_meters = 6.000000;
	  f lod = 1.000000;
	  f near_plane = 0.100000;
		texture = Art\Bitmaps\Decals\b_d_for01-b.%img%;
	  f vertical_meters = 6.000000;
	}
	[t:decal,n:*]
	{
		decal_orientation = -0.221515,-0.856241,-0.466673,0.000000,0.478562,-0.878054,0.975157,-0.194502,-0.106008;
		decal_origin = -42.157810,6.203719,-49.035385,0x4EF8F17E;
	  f far_plane = 1.100000;
	  x guid = 0x8F618749;
	  f horizontal_meters = 6.000000;
	  f lod = 1.000000;
	  f near_plane = 0.100000;
		texture = Art\Bitmaps\Decals\b_d_for01-b.%img%;
	  f vertical_meters = 6.000000;
	}
	[t:decal,n:*]
	{
		decal_orientation = -0.570753,-0.689324,-0.446177,0.000000,0.543374,-0.839490,0.821122,-0.479141,-0.310132;
		decal_origin = -41.857479,6.262025,-50.133038,0x4EF8F17E;
	  f far_plane = 1.100000;
	  x guid = 0x0D15CA4D;
	  f horizontal_meters = 6.000000;
	  f lod = 1.000000;
	  f near_plane = 0.100000;
		texture = Art\Bitmaps\Decals\b_d_for01-b.%img%;
	  f vertical_meters = 6.000000;
	}
	[t:decal,n:*]
	{
		decal_orientation = -0.912606,-0.406408,-0.044533,0.000000,0.108925,-0.994050,0.408841,-0.907176,-0.099405;
		decal_origin = -44.624081,7.145238,-49.508949,0x4EF8F17E;
	  f far_plane = 1.100000;
	  x guid = 0x648A14B2;
	  f horizontal_meters = 6.000000;
	  f lod = 1.000000;
	  f near_plane = 0.100000;
		texture = Art\Bitmaps\Decals\b_d_for01-b.%img%;
	  f vertical_meters = 6.000000;
	}
	[t:decal,n:*]
	{
		decal_orientation = -0.772071,-0.485703,-0.409876,0.000000,0.644929,-0.764242,0.635536,-0.590050,-0.497932;
		decal_origin = -40.806301,5.490736,-47.948570,0x4EF8F17E;
	  f far_plane = 1.100000;
	  x guid = 0x5357AE51;
	  f horizontal_meters = 6.000000;
	  f lod = 1.000000;
	  f near_plane = 0.100000;
		texture = Art\Bitmaps\Decals\b_d_for01-b.%img%;
	  f vertical_meters = 6.000000;
	}
	[t:decal,n:*]
	{
		decal_orientation = -0.959687,-0.261793,-0.102296,0.000000,0.363953,-0.931417,0.281070,-0.893869,-0.349281;
		decal_origin = 17.309975,6.439407,-29.570641,0x4E071896;
	  f far_plane = 1.100000;
	  x guid = 0xBCE4AE16;
	  f horizontal_meters = 6.000000;
	  f lod = 1.000000;
	  f near_plane = 0.100000;
		texture = Art\Bitmaps\Decals\b_d_for01-b.%img%;
	  f vertical_meters = 6.000000;
	}
	[t:decal,n:*]
	{
		decal_orientation = -0.702234,0.697417,0.143101,0.000000,0.200999,-0.979591,-0.711947,-0.687902,-0.141149;
		decal_origin = 16.521118,6.860903,-30.647417,0x4E071896;
	  f far_plane = 1.100000;
	  x guid = 0x8FA13BFD;
	  f horizontal_meters = 6.000000;
	  f lod = 1.000000;
	  f near_plane = 0.100000;
		texture = Art\Bitmaps\Decals\b_d_for01-b.%img%;
	  f vertical_meters = 6.000000;
	}
	[t:decal,n:*]
	{
		decal_orientation = 0.458009,-0.868488,-0.189622,0.000000,0.213311,-0.976984,0.888948,0.447467,0.097698;
		decal_origin = 14.332075,7.147039,-28.709024,0x4E071896;
	  f far_plane = 1.100000;
	  x guid = 0x972D7703;
	  f horizontal_meters = 6.000000;
	  f lod = 1.000000;
	  f near_plane = 0.100000;
		texture = Art\Bitmaps\Decals\b_d_for01-b.%img%;
	  f vertical_meters = 6.000000;
	}
	[t:decal,n:*]
	{
		decal_orientation = -0.376360,-0.817047,-0.436792,0.000000,0.471457,-0.881889,0.926473,-0.331908,-0.177438;
		decal_origin = 15.595261,6.653660,-28.253546,0x4E071896;
	  f far_plane = 1.100000;
	  x guid = 0x00356847;
	  f horizontal_meters = 6.000000;
	  f lod = 1.000000;
	  f near_plane = 0.100000;
		texture = Art\Bitmaps\Decals\b_d_for01-b.%img%;
	  f vertical_meters = 6.000000;
	}
	[t:decal,n:*]
	{
		decal_orientation = -0.099504,0.889100,0.446767,0.000000,0.448995,-0.893534,-0.995037,-0.088910,-0.044677;
		decal_origin = 12.358846,6.563635,-28.124510,0x4E071896;
	  f far_plane = 1.100000;
	  x guid = 0xA07BC2A4;
	  f horizontal_meters = 6.000000;
	  f lod = 1.000000;
	  f near_plane = 0.100000;
		texture = Art\Bitmaps\Decals\b_d_for01-b.%img%;
	  f vertical_meters = 6.000000;
	}
	[t:decal,n:*]
	{
		decal_orientation = 0.617822,0.718369,0.319755,0.000000,0.406648,-0.913585,-0.786318,0.564432,0.251236;
		decal_origin = 12.987948,6.717227,-30.298120,0x4E071896;
	  f far_plane = 1.100000;
	  x guid = 0xD0361FEF;
	  f horizontal_meters = 6.000000;
	  f lod = 1.000000;
	  f near_plane = 0.100000;
		texture = Art\Bitmaps\Decals\b_d_for01-b.%img%;
	  f vertical_meters = 6.000000;
	}
	[t:decal,n:*]
	{
		decal_orientation = 0.274721,0.903527,0.328889,0.000000,0.342049,-0.939682,-0.961524,0.258150,0.093968;
		decal_origin = 13.051695,6.839733,-29.513838,0x4E071896;
	  f far_plane = 1.100000;
	  x guid = 0x38B17A49;
	  f horizontal_meters = 6.000000;
	  f lod = 1.000000;
	  f near_plane = 0.100000;
		texture = Art\Bitmaps\Decals\b_d_for01-b.%img%;
	  f vertical_meters = 6.000000;
	}
	[t:decal,n:*]
	{
		decal_orientation = 0.817007,-0.546500,-0.183949,0.000000,0.319008,-0.947752,0.576627,0.774320,0.260632;
		decal_origin = 14.673275,6.825899,-30.572330,0x4E071896;
	  f far_plane = 1.100000;
	  x guid = 0xE0A3B993;
	  f horizontal_meters = 6.000000;
	  f lod = 1.000000;
	  f near_plane = 0.100000;
		texture = Art\Bitmaps\Decals\b_d_for01-b.%img%;
	  f vertical_meters = 6.000000;
	}
	[t:decal,n:*]
	{
		decal_orientation = -0.252422,0.831830,0.494309,0.000000,0.510852,-0.859669,-0.967617,-0.216999,-0.128950;
		decal_origin = 12.777859,6.550343,-26.873341,0x4E071896;
	  f far_plane = 1.100000;
	  x guid = 0x7FCD5523;
	  f horizontal_meters = 6.000000;
	  f lod = 1.000000;
	  f near_plane = 0.100000;
		texture = Art\Bitmaps\Decals\b_d_for01-b.%img%;
	  f vertical_meters = 6.000000;
	}
	[t:decal,n:*]
	{
		decal_orientation = -0.707107,0.673817,0.214407,0.000000,0.303218,-0.952921,-0.707107,-0.673817,-0.214407;
		decal_origin = 11.751826,5.974112,-26.763157,0x4E071896;
	  f far_plane = 1.100000;
	  x guid = 0x4477ADAC;
	  f horizontal_meters = 6.000000;
	  f lod = 1.000000;
	  f near_plane = 0.100000;
		texture = Art\Bitmaps\Decals\b_d_for01-b.%img%;
	  f vertical_meters = 6.000000;
	}
	[t:decal,n:*]
	{
		decal_orientation = -0.294086,-0.904895,-0.307698,0.000000,0.321934,-0.946762,0.955779,-0.278429,-0.094676;
		decal_origin = 10.057132,5.757172,-27.106710,0x4E071896;
	  f far_plane = 1.100000;
	  x guid = 0xF6003A12;
	  f horizontal_meters = 6.000000;
	  f lod = 1.000000;
	  f near_plane = 0.100000;
		texture = Art\Bitmaps\Decals\b_d_for01-b.%img%;
	  f vertical_meters = 6.000000;
	}
	[t:decal,n:*]
	{
		decal_orientation = -0.216931,0.951246,0.219251,0.000000,0.224600,-0.974451,-0.976187,-0.211389,-0.048723;
		decal_origin = 9.852262,5.821913,-28.402012,0x4E071896;
	  f far_plane = 1.100000;
	  x guid = 0xA9173DA0;
	  f horizontal_meters = 6.000000;
	  f lod = 1.000000;
	  f near_plane = 0.100000;
		texture = Art\Bitmaps\Decals\b_d_for01-b.%img%;
	  f vertical_meters = 6.000000;
	}
	[t:decal,n:*]
	{
		decal_orientation = 0.000000,-0.975610,-0.219512,0.000000,0.219512,-0.975610,1.000000,0.000000,0.000000;
		decal_origin = 8.715825,6.122777,-27.819248,0x4E071896;
	  f far_plane = 1.100000;
	  x guid = 0x0B848C17;
	  f horizontal_meters = 6.000000;
	  f lod = 1.000000;
	  f near_plane = 0.100000;
		texture = Art\Bitmaps\Decals\b_d_for01-b.%img%;
	  f vertical_meters = 6.000000;
	}
	[t:decal,n:*]
	{
		decal_orientation = 0.000000,-0.951034,-0.309086,0.000000,0.309086,-0.951034,1.000000,0.000000,0.000000;
		decal_origin = 6.809691,6.697174,-27.806353,0x4E071896;
	  f far_plane = 1.100000;
	  x guid = 0xC49F6D16;
	  f horizontal_meters = 6.000000;
	  f lod = 1.000000;
	  f near_plane = 0.100000;
		texture = Art\Bitmaps\Decals\b_d_for01-b.%img%;
	  f vertical_meters = 6.000000;
	}
	[t:decal,n:*]
	{
		decal_orientation = 0.419058,-0.854846,-0.305988,0.000000,0.337007,-0.941502,0.907959,0.394544,0.141225;
		decal_origin = 8.008009,6.206494,-28.745823,0x4E071896;
	  f far_plane = 1.100000;
	  x guid = 0xEAC49A68;
	  f horizontal_meters = 6.000000;
	  f lod = 1.000000;
	  f near_plane = 0.100000;
		texture = Art\Bitmaps\Decals\b_d_for01-b.%img%;
	  f vertical_meters = 6.000000;
	}
	[t:decal,n:*]
	{
		decal_orientation = 0.330350,-0.834057,-0.441834,0.000000,0.468115,-0.883668,0.943858,0.291920,0.154642;
		decal_origin = 6.940331,6.879117,-26.235434,0x4E071896;
	  f far_plane = 1.100000;
	  x guid = 0x9F698C8C;
	  f horizontal_meters = 6.000000;
	  f lod = 1.000000;
	  f near_plane = 0.100000;
		texture = Art\Bitmaps\Decals\b_d_for01-b.%img%;
	  f vertical_meters = 6.000000;
	}
	[t:decal,n:*]
	{
		decal_orientation = 0.961524,0.270281,0.049192,0.000000,0.179061,-0.983838,-0.274721,0.945984,0.172172;
		decal_origin = 5.404709,7.205129,-26.230682,0x4E071896;
	  f far_plane = 1.100000;
	  x guid = 0xD78822C7;
	  f horizontal_meters = 6.000000;
	  f lod = 1.000000;
	  f near_plane = 0.100000;
		texture = Art\Bitmaps\Decals\b_d_for01-b.%img%;
	  f vertical_meters = 6.000000;
	}
	[t:decal,n:*]
	{
		decal_orientation = 0.633238,0.630883,0.448326,0.000000,0.579265,-0.815139,-0.773957,0.516177,0.366813;
		decal_origin = 3.207708,6.379779,-27.266846,0x4E071896;
	  f far_plane = 1.100000;
	  x guid = 0xE3762B81;
	  f horizontal_meters = 6.000000;
	  f lod = 1.000000;
	  f near_plane = 0.100000;
		texture = Art\Bitmaps\Decals\b_d_for01-b.%img%;
	  f vertical_meters = 6.000000;
	}
	[t:decal,n:*]
	{
		decal_orientation = 0.633238,0.630883,0.448326,0.000000,0.579265,-0.815139,-0.773957,0.516177,0.366813;
		decal_origin = 3.318698,6.390567,-27.378527,0x4E071896;
	  f far_plane = 1.100000;
	  x guid = 0x39F42053;
	  f horizontal_meters = 6.000000;
	  f lod = 1.000000;
	  f near_plane = 0.100000;
		texture = Art\Bitmaps\Decals\b_d_for01-b.%img%;
	  f vertical_meters = 6.000000;
	}
	[t:decal,n:*]
	{
		decal_orientation = 0.810679,0.511912,0.284157,0.000000,0.485332,-0.874330,-0.585490,0.708801,0.393449;
		decal_origin = 4.443723,6.684972,-27.692902,0x4E071896;
	  f far_plane = 1.100000;
	  x guid = 0xC810CD6D;
	  f horizontal_meters = 6.000000;
	  f lod = 1.000000;
	  f near_plane = 0.100000;
		texture = Art\Bitmaps\Decals\b_d_for01-b.%img%;
	  f vertical_meters = 6.000000;
	}
	[t:decal,n:*]
	{
		decal_orientation = 0.000000,-0.995037,-0.099504,0.000000,0.099504,-0.995037,1.000000,0.000000,0.000000;
		decal_origin = 4.114177,7.152409,-25.257038,0x4E071896;
	  f far_plane = 1.100000;
	  x guid = 0x0BA4FCAB;
	  f horizontal_meters = 6.000000;
	  f lod = 1.000000;
	  f near_plane = 0.100000;
		texture = Art\Bitmaps\Decals\b_d_for01-b.%img%;
	  f vertical_meters = 6.000000;
	}
	[t:decal,n:*]
	{
		decal_orientation = -0.948683,0.312347,0.049386,0.000000,0.156174,-0.987730,-0.316227,-0.937043,-0.148160;
		decal_origin = 5.743685,7.159101,-25.337738,0x4E071896;
	  f far_plane = 1.100000;
	  x guid = 0x9AABA26D;
	  f horizontal_meters = 6.000000;
	  f lod = 1.000000;
	  f near_plane = 0.100000;
		texture = Art\Bitmaps\Decals\b_d_for01-b.%img%;
	  f vertical_meters = 6.000000;
	}
	[t:decal,n:*]
	{
		decal_orientation = -0.287348,-0.849098,-0.443242,0.000000,0.462759,-0.886484,0.957826,-0.254730,-0.132973;
		decal_origin = 7.413119,6.577692,-25.315765,0x4E071896;
	  f far_plane = 1.100000;
	  x guid = 0x88733070;
	  f horizontal_meters = 6.000000;
	  f lod = 1.000000;
	  f near_plane = 0.100000;
		texture = Art\Bitmaps\Decals\b_d_for01-b.%img%;
	  f vertical_meters = 6.000000;
	}
	[t:decal,n:*]
	{
		decal_orientation = 0.330350,0.834057,0.441834,0.000000,0.468115,-0.883668,-0.943858,0.291920,0.154642;
		decal_origin = 1.612535,6.247529,-25.138412,0x4E071896;
	  f far_plane = 1.100000;
	  x guid = 0x97A00CBD;
	  f horizontal_meters = 6.000000;
	  f lod = 1.000000;
	  f near_plane = 0.100000;
		texture = Art\Bitmaps\Decals\b_d_for01-b.%img%;
	  f vertical_meters = 6.000000;
	}
	[t:decal,n:*]
	{
		decal_orientation = 0.000000,0.951034,0.309086,0.000000,0.309086,-0.951034,-1.000000,0.000000,0.000000;
		decal_origin = 2.753002,6.805049,-24.368832,0x4E071896;
	  f far_plane = 1.100000;
	  x guid = 0xFBD0A455;
	  f horizontal_meters = 6.000000;
	  f lod = 1.000000;
	  f near_plane = 0.100000;
		texture = Art\Bitmaps\Decals\b_d_for01-b.%img%;
	  f vertical_meters = 6.000000;
	}
	[t:decal,n:*]
	{
		decal_orientation = 0.000000,0.936329,0.351123,0.000000,0.351123,-0.936329,-1.000000,0.000000,0.000000;
		decal_origin = -1.575176,4.836148,-26.655483,0x4E071896;
	  f far_plane = 1.100000;
	  x guid = 0x07196EC6;
	  f horizontal_meters = 6.000000;
	  f lod = 1.000000;
	  f near_plane = 0.100000;
		texture = Art\Bitmaps\Decals\b_d_for01-b.%img%;
	  f vertical_meters = 6.000000;
	}
	[t:decal,n:*]
	{
		decal_orientation = 0.822192,0.529355,0.209246,0.000000,0.367607,-0.929981,-0.569210,0.764623,0.302244;
		decal_origin = 0.012042,5.098240,-27.041836,0x4E071896;
	  f far_plane = 1.100000;
	  x guid = 0x1E7C0920;
	  f horizontal_meters = 6.000000;
	  f lod = 1.000000;
	  f near_plane = 0.100000;
		texture = Art\Bitmaps\Decals\b_d_for01-b.%img%;
	  f vertical_meters = 6.000000;
	}
	[t:decal,n:*]
	{
		decal_orientation = 0.999999,0.000955,0.000702,0.000000,0.592112,-0.805856,-0.001185,0.805855,0.592111;
		decal_origin = -0.293362,5.565675,-26.046036,0x4E071896;
	  f far_plane = 1.100000;
	  x guid = 0x1FB48E5B;
	  f horizontal_meters = 6.000000;
	  f lod = 1.000000;
	  f near_plane = 0.100000;
		texture = Art\Bitmaps\Decals\b_d_for01-b.%img%;
	  f vertical_meters = 6.000000;
	}
	[t:decal,n:*]
	{
		decal_orientation = 0.000000,0.988936,0.148341,0.000000,0.148341,-0.988936,-1.000000,0.000000,0.000000;
		decal_origin = -3.240602,4.433932,-26.673674,0x4E071896;
	  f far_plane = 1.100000;
	  x guid = 0x282A1014;
	  f horizontal_meters = 6.000000;
	  f lod = 1.000000;
	  f near_plane = 0.100000;
		texture = Art\Bitmaps\Decals\b_d_for01-b.%img%;
	  f vertical_meters = 6.000000;
	}
	[t:decal,n:*]
	{
		decal_orientation = 0.990975,0.089324,0.099953,0.000000,0.745639,-0.666350,-0.134050,0.660336,0.738909;
		decal_origin = -2.370215,4.768023,-26.257914,0x4E071896;
	  f far_plane = 1.100000;
	  x guid = 0x6F729C4B;
	  f horizontal_meters = 6.000000;
	  f lod = 1.000000;
	  f near_plane = 0.100000;
		texture = Art\Bitmaps\Decals\b_d_for01-b.%img%;
	  f vertical_meters = 6.000000;
	}
	[t:decal,n:*]
	{
		decal_orientation = 0.491892,-0.745595,-0.449589,0.000000,0.516379,-0.856360,0.870656,0.421236,0.254003;
		decal_origin = -3.976790,4.471217,-25.976967,0x4E071896;
	  f far_plane = 1.100000;
	  x guid = 0x08FB6FB0;
	  f horizontal_meters = 6.000000;
	  f lod = 1.000000;
	  f near_plane = 0.100000;
		texture = Art\Bitmaps\Decals\b_d_for01-b.%img%;
	  f vertical_meters = 6.000000;
	}
	[t:decal,n:*]
	{
		decal_orientation = -0.464007,-0.762050,-0.451639,0.000000,0.509848,-0.860265,0.885831,-0.399169,-0.236573;
		decal_origin = -5.242348,5.205285,-26.297398,0x4E071896;
	  f far_plane = 1.100000;
	  x guid = 0x78FA65C4;
	  f horizontal_meters = 6.000000;
	  f lod = 1.000000;
	  f near_plane = 0.100000;
		texture = Art\Bitmaps\Decals\b_d_for01-b.%img%;
	  f vertical_meters = 6.000000;
	}
	[t:decal,n:*]
	{
		decal_orientation = -0.334410,-0.727912,-0.598594,0.000000,0.635162,-0.772379,0.942428,-0.258291,-0.212404;
		decal_origin = -6.021746,5.787264,-26.425001,0x4E071896;
	  f far_plane = 1.100000;
	  x guid = 0x41D15D93;
	  f horizontal_meters = 6.000000;
	  f lod = 1.000000;
	  f near_plane = 0.100000;
		texture = Art\Bitmaps\Decals\b_d_for01-b.%img%;
	  f vertical_meters = 6.000000;
	}
	[t:decal,n:*]
	{
		decal_orientation = -0.242534,-0.965030,-0.099473,0.000000,0.102534,-0.994729,0.970143,-0.241256,-0.024868;
		decal_origin = -9.266158,7.081289,-27.621435,0x4E071896;
	  f far_plane = 1.100000;
	  x guid = 0xB51FA622;
	  f horizontal_meters = 6.000000;
	  f lod = 1.000000;
	  f near_plane = 0.100000;
		texture = Art\Bitmaps\Decals\b_d_for01-b.%img%;
	  f vertical_meters = 6.000000;
	}
	[t:decal,n:*]
	{
		decal_orientation = 0.000000,0.935119,0.354333,0.000000,0.354333,-0.935119,-1.000000,0.000000,0.000000;
		decal_origin = -12.923996,6.178100,-27.589188,0x4E071896;
	  f far_plane = 1.100000;
	  x guid = 0x3D18CB2C;
	  f horizontal_meters = 6.000000;
	  f lod = 1.000000;
	  f near_plane = 0.100000;
		texture = Art\Bitmaps\Decals\b_d_for01-b.%img%;
	  f vertical_meters = 6.000000;
	}
	[t:decal,n:*]
	{
		decal_orientation = 0.997248,0.055378,0.049289,0.000000,0.664845,-0.746982,-0.074136,0.744926,0.663015;
		decal_origin = -4.074079,4.824298,-25.795372,0x4E071896;
	  f far_plane = 1.100000;
	  x guid = 0xDBFF1FCF;
	  f horizontal_meters = 6.000000;
	  f lod = 1.000000;
	  f near_plane = 0.100000;
		texture = Art\Bitmaps\Decals\b_d_for01-b.%img%;
	  f vertical_meters = 6.000000;
	}
	[t:decal,n:*]
	{
		decal_orientation = 0.000000,0.943858,0.330350,0.000000,0.330350,-0.943858,-1.000000,0.000000,0.000000;
		decal_origin = -11.469822,6.703879,-27.886030,0x4E071896;
	  f far_plane = 1.100000;
	  x guid = 0xFEC459AA;
	  f horizontal_meters = 6.000000;
	  f lod = 1.000000;
	  f near_plane = 0.100000;
		texture = Art\Bitmaps\Decals\b_d_for01-b.%img%;
	  f vertical_meters = 6.000000;
	}
	[t:decal,n:*]
	{
		decal_orientation = -0.047565,-0.884179,-0.464720,0.000000,0.465247,-0.885181,0.998868,-0.042104,-0.022129;
		decal_origin = -6.981611,6.527858,-26.958645,0x4E071896;
	  f far_plane = 1.100000;
	  x guid = 0xC28E4C67;
	  f horizontal_meters = 6.000000;
	  f lod = 1.000000;
	  f near_plane = 0.100000;
		texture = Art\Bitmaps\Decals\b_d_for01-b.%img%;
	  f vertical_meters = 6.000000;
	}
	[t:decal,n:*]
	{
		decal_orientation = -0.959687,-0.261793,-0.102296,0.000000,0.363953,-0.931417,0.281070,-0.893869,-0.349281;
		decal_origin = 17.702295,5.998934,-28.510939,0x777D9AF1;
	  f far_plane = 1.100000;
	  x guid = 0x485CD7A0;
	  f horizontal_meters = 6.000000;
	  f lod = 1.000000;
	  f near_plane = 0.100000;
		texture = Art\Bitmaps\Decals\b_d_for01-b.%img%;
	  f vertical_meters = 6.000000;
	}
	[t:decal,n:*]
	{
		decal_orientation = -0.964311,-0.244567,-0.101447,0.000000,0.383149,-0.923687,0.264773,-0.890721,-0.369475;
		decal_origin = 16.666496,6.745842,-30.164425,0x777D9AF1;
	  f far_plane = 1.100000;
	  x guid = 0xA4410B2F;
	  f horizontal_meters = 6.000000;
	  f lod = 1.000000;
	  f near_plane = 0.100000;
		texture = Art\Bitmaps\Decals\b_d_for01-b.%img%;
	  f vertical_meters = 6.000000;
	}
	[t:decal,n:*]
	{
		decal_orientation = 0.817007,-0.546500,-0.183949,0.000000,0.319008,-0.947752,0.576627,0.774320,0.260632;
		decal_origin = 15.318995,6.595793,-30.953344,0x777D9AF1;
	  f far_plane = 1.100000;
	  x guid = 0xD81853B6;
	  f horizontal_meters = 6.000000;
	  f lod = 1.000000;
	  f near_plane = 0.100000;
		texture = Art\Bitmaps\Decals\b_d_for01-b.%img%;
	  f vertical_meters = 6.000000;
	}
	[t:decal,n:*]
	{
		decal_orientation = -0.539291,0.813581,0.217375,0.000000,0.258128,-0.966111,-0.842120,-0.521014,-0.139206;
		decal_origin = 15.677900,6.774613,-30.980986,0x777D9AF1;
	  f far_plane = 1.100000;
	  x guid = 0x2B826515;
	  f horizontal_meters = 6.000000;
	  f lod = 1.000000;
	  f near_plane = 0.100000;
		texture = Art\Bitmaps\Decals\b_d_for01-b.%img%;
	  f vertical_meters = 6.000000;
	}
	[t:decal,n:*]
	{
		decal_orientation = 0.617822,0.718369,0.319755,0.000000,0.406648,-0.913585,-0.786318,0.564432,0.251236;
		decal_origin = 12.787948,6.251689,-31.736429,0x777D9AF1;
	  f far_plane = 1.100000;
	  x guid = 0x30FCC8F0;
	  f horizontal_meters = 6.000000;
	  f lod = 1.000000;
	  f near_plane = 0.100000;
		texture = Art\Bitmaps\Decals\b_d_for01-b.%img%;
	  f vertical_meters = 6.000000;
	}
	[t:decal,n:*]
	{
		decal_orientation = 0.857493,0.471390,0.206149,0.000000,0.400681,-0.916217,-0.514495,0.785650,0.343582;
		decal_origin = 10.260317,5.479362,-31.545300,0x777D9AF1;
	  f far_plane = 1.100000;
	  x guid = 0xB7AB4278;
	  f horizontal_meters = 6.000000;
	  f lod = 1.000000;
	  f near_plane = 0.100000;
		texture = Art\Bitmaps\Decals\b_d_for01-b.%img%;
	  f vertical_meters = 6.000000;
	}
	[t:decal,n:*]
	{
		decal_orientation = 0.993884,0.100601,0.045549,0.000000,0.412462,-0.910975,-0.110432,0.905403,0.409939;
		decal_origin = 8.051945,5.304358,-31.677340,0x777D9AF1;
	  f far_plane = 1.100000;
	  x guid = 0xD82C8829;
	  f horizontal_meters = 6.000000;
	  f lod = 1.000000;
	  f near_plane = 0.100000;
		texture = Art\Bitmaps\Decals\b_d_for01-b.%img%;
	  f vertical_meters = 6.000000;
	}
	[t:decal,n:*]
	{
		decal_orientation = 0.995037,-0.088910,-0.044677,0.000000,0.448995,-0.893534,0.099504,0.889100,0.446767;
		decal_origin = 6.056157,5.260287,-31.829798,0x777D9AF1;
	  f far_plane = 1.100000;
	  x guid = 0xA433BD7B;
	  f horizontal_meters = 6.000000;
	  f lod = 1.000000;
	  f near_plane = 0.100000;
		texture = Art\Bitmaps\Decals\b_d_for01-b.%img%;
	  f vertical_meters = 6.000000;
	}
	[t:decal,n:*]
	{
		decal_orientation = 0.939794,0.327989,0.095975,0.000000,0.280841,-0.959754,-0.341743,0.901971,0.263933;
		decal_origin = 4.140051,4.946487,-31.884691,0x777D9AF1;
	  f far_plane = 1.100000;
	  x guid = 0xF7E3454F;
	  f horizontal_meters = 6.000000;
	  f lod = 1.000000;
	  f near_plane = 0.100000;
		texture = Art\Bitmaps\Decals\b_d_for01-b.%img%;
	  f vertical_meters = 6.000000;
	}
	[t:decal,n:*]
	{
		decal_orientation = 0.000000,0.988936,0.148340,0.000000,0.148340,-0.988936,-1.000000,0.000000,0.000000;
		decal_origin = 1.621288,4.413215,-31.709812,0x777D9AF1;
	  f far_plane = 1.100000;
	  x guid = 0x7C988DF1;
	  f horizontal_meters = 6.000000;
	  f lod = 1.000000;
	  f near_plane = 0.100000;
		texture = Art\Bitmaps\Decals\b_d_for01-b.%img%;
	  f vertical_meters = 6.000000;
	}
	[t:decal,n:*]
	{
		decal_orientation = -0.707106,0.703163,0.074582,0.000000,0.105474,-0.994422,-0.707107,-0.703162,-0.074582;
		decal_origin = 0.155538,4.296515,-31.605373,0x777D9AF1;
	  f far_plane = 1.100000;
	  x guid = 0x092444C2;
	  f horizontal_meters = 6.000000;
	  f lod = 1.000000;
	  f near_plane = 0.100000;
		texture = Art\Bitmaps\Decals\b_d_for01-b.%img%;
	  f vertical_meters = 6.000000;
	}
	[t:decal,n:*]
	{
		decal_orientation = -0.707106,-0.703163,-0.074582,0.000000,0.105474,-0.994422,0.707107,-0.703162,-0.074582;
		decal_origin = -1.528301,4.405730,-31.688866,0x777D9AF1;
	  f far_plane = 1.100000;
	  x guid = 0xBFB7C16C;
	  f horizontal_meters = 6.000000;
	  f lod = 1.000000;
	  f near_plane = 0.100000;
		texture = Art\Bitmaps\Decals\b_d_for01-b.%img%;
	  f vertical_meters = 6.000000;
	}
	[t:decal,n:*]
	{
		decal_orientation = -0.707107,-0.686397,-0.169875,0.000000,0.240240,-0.970714,0.707106,-0.686399,-0.169875;
		decal_origin = -3.394794,4.723891,-31.947426,0x777D9AF1;
	  f far_plane = 1.100000;
	  x guid = 0xAB5A4ADB;
	  f horizontal_meters = 6.000000;
	  f lod = 1.000000;
	  f near_plane = 0.100000;
		texture = Art\Bitmaps\Decals\b_d_for01-b.%img%;
	  f vertical_meters = 6.000000;
	}
	[t:decal,n:*]
	{
		decal_orientation = 0.808736,0.556859,0.189352,0.000000,0.321934,-0.946762,-0.588172,0.765681,0.260360;
		decal_origin = 3.006677,4.965855,-31.092896,0x777D9AF1;
	  f far_plane = 1.100000;
	  x guid = 0xA1E5239C;
	  f horizontal_meters = 6.000000;
	  f lod = 1.000000;
	  f near_plane = 0.100000;
		texture = Art\Bitmaps\Decals\b_d_for01-b.%img%;
	  f vertical_meters = 6.000000;
	}
	[t:decal,n:*]
	{
		decal_orientation = 0.000000,0.903277,0.429057,0.000000,0.429057,-0.903277,-1.000000,0.000000,0.000000;
		decal_origin = 2.214137,4.667632,-30.356480,0x777D9AF1;
	  f far_plane = 1.100000;
	  x guid = 0xF11EEB4A;
	  f horizontal_meters = 6.000000;
	  f lod = 1.000000;
	  f near_plane = 0.100000;
		texture = Art\Bitmaps\Decals\b_d_for01-b.%img%;
	  f vertical_meters = 6.000000;
	}
	[t:decal,n:*]
	{
		decal_orientation = 0.838444,0.468077,0.279134,0.000000,0.512184,-0.858876,-0.544988,0.720119,0.429438;
		decal_origin = 4.928088,5.424026,-30.901506,0x777D9AF1;
	  f far_plane = 1.100000;
	  x guid = 0xE96F9F1C;
	  f horizontal_meters = 6.000000;
	  f lod = 1.000000;
	  f near_plane = 0.100000;
		texture = Art\Bitmaps\Decals\b_d_for01-b.%img%;
	  f vertical_meters = 6.000000;
	}
	[t:decal,n:*]
	{
		decal_orientation = 0.425797,-0.818975,-0.384678,0.000000,0.425144,-0.905126,0.904819,0.385400,0.181025;
		decal_origin = -5.006758,5.302102,-31.447134,0x777D9AF1;
	  f far_plane = 1.100000;
	  x guid = 0x2D87E67D;
	  f horizontal_meters = 6.000000;
	  f lod = 1.000000;
	  f near_plane = 0.100000;
		texture = Art\Bitmaps\Decals\b_d_for01-b.%img%;
	  f vertical_meters = 6.000000;
	}
	[t:decal,n:*]
	{
		decal_orientation = 0.447214,-0.816496,-0.365148,0.000000,0.408248,-0.912871,0.894427,0.408248,0.182574;
		decal_origin = -6.736538,6.096072,-31.014133,0x777D9AF1;
	  f far_plane = 1.100000;
	  x guid = 0xC970A9CE;
	  f horizontal_meters = 6.000000;
	  f lod = 1.000000;
	  f near_plane = 0.100000;
		texture = Art\Bitmaps\Decals\b_d_for01-b.%img%;
	  f vertical_meters = 6.000000;
	}
	[t:decal,n:*]
	{
		decal_orientation = 0.141421,0.974835,0.172328,0.000000,0.174077,-0.984732,-0.989950,0.139261,0.024618;
		decal_origin = -10.409335,6.888845,-30.554379,0x777D9AF1;
	  f far_plane = 1.100000;
	  x guid = 0xEDE73953;
	  f horizontal_meters = 6.000000;
	  f lod = 1.000000;
	  f near_plane = 0.100000;
		texture = Art\Bitmaps\Decals\b_d_for01-b.%img%;
	  f vertical_meters = 6.000000;
	}
	[t:decal,n:*]
	{
		decal_orientation = 0.196115,-0.972709,-0.123997,0.000000,0.126452,-0.991973,0.980581,0.194541,0.024799;
		decal_origin = -9.358593,6.874396,-30.494312,0x777D9AF1;
	  f far_plane = 1.100000;
	  x guid = 0xB94F0228;
	  f horizontal_meters = 6.000000;
	  f lod = 1.000000;
	  f near_plane = 0.100000;
		texture = Art\Bitmaps\Decals\b_d_for01-b.%img%;
	  f vertical_meters = 6.000000;
	}
	[t:decal,n:*]
	{
		decal_orientation = 0.141421,0.974835,0.172328,0.000000,0.174077,-0.984732,-0.989950,0.139261,0.024618;
		decal_origin = -11.680717,6.668081,-30.485380,0x777D9AF1;
	  f far_plane = 1.100000;
	  x guid = 0x90DFA249;
	  f horizontal_meters = 6.000000;
	  f lod = 1.000000;
	  f near_plane = 0.100000;
		texture = Art\Bitmaps\Decals\b_d_for01-b.%img%;
	  f vertical_meters = 6.000000;
	}
	[t:decal,n:*]
	{
		decal_orientation = -0.978565,0.192301,0.073692,0.000000,0.357839,-0.933783,-0.205937,-0.913768,-0.350169;
		decal_origin = -12.598108,6.360984,-29.275837,0x777D9AF1;
	  f far_plane = 1.100000;
	  x guid = 0x67A881F1;
	  f horizontal_meters = 6.000000;
	  f lod = 1.000000;
	  f near_plane = 0.100000;
		texture = Art\Bitmaps\Decals\b_d_for01-b.%img%;
	  f vertical_meters = 6.000000;
	}
	[t:decal,n:*]
	{
		decal_orientation = 0.000000,-0.928477,-0.371391,0.000000,0.371391,-0.928477,1.000000,0.000000,0.000000;
		decal_origin = -6.858599,6.329310,-29.247555,0x777D9AF1;
	  f far_plane = 1.100000;
	  x guid = 0xDC06362C;
	  f horizontal_meters = 6.000000;
	  f lod = 1.000000;
	  f near_plane = 0.100000;
		texture = Art\Bitmaps\Decals\b_d_for01-b.%img%;
	  f vertical_meters = 6.000000;
	}
	[t:decal,n:*]
	{
		decal_orientation = 0.000000,-0.920331,-0.391141,0.000000,0.391141,-0.920331,1.000000,0.000000,0.000000;
		decal_origin = -4.880836,5.519757,-29.217304,0x777D9AF1;
	  f far_plane = 1.100000;
	  x guid = 0x53B19C2C;
	  f horizontal_meters = 6.000000;
	  f lod = 1.000000;
	  f near_plane = 0.100000;
		texture = Art\Bitmaps\Decals\b_d_for01-b.%img%;
	  f vertical_meters = 6.000000;
	}
	[t:decal,n:*]
	{
		decal_orientation = -0.104685,-0.897400,-0.428620,0.000000,0.430988,-0.902358,0.994505,-0.094463,-0.045118;
		decal_origin = -4.471626,5.310183,-28.382244,0x777D9AF1;
	  f far_plane = 1.100000;
	  x guid = 0x652A1558;
	  f horizontal_meters = 6.000000;
	  f lod = 1.000000;
	  f near_plane = 0.100000;
		texture = Art\Bitmaps\Decals\b_d_for01-b.%img%;
	  f vertical_meters = 6.000000;
	}
	[t:decal,n:*]
	{
		decal_orientation = -0.564684,-0.715296,-0.411684,0.000000,0.498825,-0.866703,0.825307,-0.489413,-0.281678;
		decal_origin = -4.619618,5.174434,-27.284555,0x777D9AF1;
	  f far_plane = 1.100000;
	  x guid = 0xC5EF1848;
	  f horizontal_meters = 6.000000;
	  f lod = 1.000000;
	  f near_plane = 0.100000;
		texture = Art\Bitmaps\Decals\b_d_for01-b.%img%;
	  f vertical_meters = 6.000000;
	}
	[t:decal,n:*]
	{
		decal_orientation = -0.959687,-0.261793,-0.102296,0.000000,0.363953,-0.931417,0.281070,-0.893869,-0.349281;
		decal_origin = 17.094101,6.460707,-29.564205,0x22CD93D2;
	  f far_plane = 1.100000;
	  x guid = 0x0E0F2B42;
	  f horizontal_meters = 6.000000;
	  f lod = 1.000000;
	  f near_plane = 0.100000;
		texture = Art\Bitmaps\Decals\b_d_for01-b.%img%;
	  f vertical_meters = 6.000000;
	}
	[t:decal,n:*]
	{
		decal_orientation = 0.817007,-0.546500,-0.183949,0.000000,0.319008,-0.947752,0.576627,0.774320,0.260632;
		decal_origin = 15.390841,6.567316,-31.006168,0x22CD93D2;
	  f far_plane = 1.100000;
	  x guid = 0x8F5858F0;
	  f horizontal_meters = 6.000000;
	  f lod = 1.000000;
	  f near_plane = 0.100000;
		texture = Art\Bitmaps\Decals\b_d_for01-b.%img%;
	  f vertical_meters = 6.000000;
	}
	[t:decal,n:*]
	{
		decal_orientation = 0.617822,0.718369,0.319755,0.000000,0.406648,-0.913585,-0.786318,0.564432,0.251236;
		decal_origin = 12.980800,6.586844,-30.763136,0x22CD93D2;
	  f far_plane = 1.100000;
	  x guid = 0x6A25B01E;
	  f horizontal_meters = 6.000000;
	  f lod = 1.000000;
	  f near_plane = 0.100000;
		texture = Art\Bitmaps\Decals\b_d_for01-b.%img%;
	  f vertical_meters = 6.000000;
	}
	[t:decal,n:*]
	{
		decal_orientation = 0.857493,0.471390,0.206149,0.000000,0.400681,-0.916217,-0.514495,0.785650,0.343582;
		decal_origin = 10.069144,5.422607,-31.581953,0x22CD93D2;
	  f far_plane = 1.100000;
	  x guid = 0x0B9F453E;
	  f horizontal_meters = 6.000000;
	  f lod = 1.000000;
	  f near_plane = 0.100000;
		texture = Art\Bitmaps\Decals\b_d_for01-b.%img%;
	  f vertical_meters = 6.000000;
	}
	[t:decal,n:*]
	{
		decal_orientation = 0.993884,0.100601,0.045549,0.000000,0.412462,-0.910975,-0.110432,0.905403,0.409939;
		decal_origin = 8.173080,5.205697,-31.910040,0x22CD93D2;
	  f far_plane = 1.100000;
	  x guid = 0x0425CAC7;
	  f horizontal_meters = 6.000000;
	  f lod = 1.000000;
	  f near_plane = 0.100000;
		texture = Art\Bitmaps\Decals\b_d_for01-b.%img%;
	  f vertical_meters = 6.000000;
	}
	[t:decal,n:*]
	{
		decal_orientation = 0.939794,0.327989,0.095975,0.000000,0.280841,-0.959754,-0.341743,0.901971,0.263933;
		decal_origin = 5.454243,5.026586,-32.071312,0x22CD93D2;
	  f far_plane = 1.100000;
	  x guid = 0x9B62C664;
	  f horizontal_meters = 6.000000;
	  f lod = 1.000000;
	  f near_plane = 0.100000;
		texture = Art\Bitmaps\Decals\b_d_for01-b.%img%;
	  f vertical_meters = 6.000000;
	}
	[t:decal,n:*]
	{
		decal_orientation = 0.124035,0.972716,0.196057,0.000000,0.197583,-0.980286,-0.992278,0.121590,0.024507;
		decal_origin = 2.996848,4.671790,-32.261127,0x22CD93D2;
	  f far_plane = 1.100000;
	  x guid = 0xD998304B;
	  f horizontal_meters = 6.000000;
	  f lod = 1.000000;
	  f near_plane = 0.100000;
		texture = Art\Bitmaps\Decals\b_d_for01-b.%img%;
	  f vertical_meters = 6.000000;
	}
	[t:decal,n:*]
	{
		decal_orientation = -0.980581,0.183178,0.070052,0.000000,0.357198,-0.934029,-0.196116,-0.915891,-0.350261;
		decal_origin = 0.412684,4.501564,-32.243065,0x22CD93D2;
	  f far_plane = 1.100000;
	  x guid = 0xEF98C818;
	  f horizontal_meters = 6.000000;
	  f lod = 1.000000;
	  f near_plane = 0.100000;
		texture = Art\Bitmaps\Decals\b_d_for01-b.%img%;
	  f vertical_meters = 6.000000;
	}
	[t:decal,n:*]
	{
		decal_orientation = -1.000000,0.000000,0.000000,0.000000,0.330351,-0.943858,0.000000,-0.943858,-0.330351;
		decal_origin = -2.315060,4.806260,-32.822701,0x22CD93D2;
	  f far_plane = 1.100000;
	  x guid = 0xC1BA3BC8;
	  f horizontal_meters = 6.000000;
	  f lod = 1.000000;
	  f near_plane = 0.100000;
		texture = Art\Bitmaps\Decals\b_d_for01-b.%img%;
	  f vertical_meters = 6.000000;
	}
	[t:decal,n:*]
	{
		decal_orientation = -0.894428,-0.436435,-0.097590,0.000000,0.218218,-0.975900,0.447212,-0.872872,-0.195180;
		decal_origin = 1.439715,4.837173,-33.488071,0x22CD93D2;
	  f far_plane = 1.100000;
	  x guid = 0x9477A715;
	  f horizontal_meters = 6.000000;
	  f lod = 1.000000;
	  f near_plane = 0.100000;
		texture = Art\Bitmaps\Decals\b_d_for01-b.%img%;
	  f vertical_meters = 6.000000;
	}
	[t:decal,n:*]
	{
		decal_orientation = 0.995037,-0.088910,-0.044677,0.000000,0.448995,-0.893534,0.099504,0.889100,0.446767;
		decal_origin = 6.472171,5.588919,-31.130919,0x22CD93D2;
	  f far_plane = 1.100000;
	  x guid = 0xC1859D66;
	  f horizontal_meters = 6.000000;
	  f lod = 1.000000;
	  f near_plane = 0.100000;
		texture = Art\Bitmaps\Decals\b_d_for01-b.%img%;
	  f vertical_meters = 6.000000;
	}
	[t:decal,n:*]
	{
		decal_orientation = 0.808736,0.556859,0.189352,0.000000,0.321934,-0.946762,-0.588172,0.765681,0.260360;
		decal_origin = 3.628658,5.111086,-31.017143,0x22CD93D2;
	  f far_plane = 1.100000;
	  x guid = 0x7CB2CB9F;
	  f horizontal_meters = 6.000000;
	  f lod = 1.000000;
	  f near_plane = 0.100000;
		texture = Art\Bitmaps\Decals\b_d_for01-b.%img%;
	  f vertical_meters = 6.000000;
	}
	[t:decal,n:*]
	{
		decal_orientation = -0.707106,0.703163,0.074582,0.000000,0.105474,-0.994422,-0.707107,-0.703162,-0.074582;
		decal_origin = 1.012678,4.321946,-31.087332,0x22CD93D2;
	  f far_plane = 1.100000;
	  x guid = 0x62FB7DB2;
	  f horizontal_meters = 6.000000;
	  f lod = 1.000000;
	  f near_plane = 0.100000;
		texture = Art\Bitmaps\Decals\b_d_for01-b.%img%;
	  f vertical_meters = 6.000000;
	}
	[t:decal,n:*]
	{
		decal_orientation = 0.000000,-0.957826,-0.287348,0.000000,0.287348,-0.957826,1.000000,0.000000,0.000000;
		decal_origin = -1.796860,4.441925,-31.693989,0x22CD93D2;
	  f far_plane = 1.100000;
	  x guid = 0xBF54672D;
	  f horizontal_meters = 6.000000;
	  f lod = 1.000000;
	  f near_plane = 0.100000;
		texture = Art\Bitmaps\Decals\b_d_for01-b.%img%;
	  f vertical_meters = 6.000000;
	}
	[t:decal,n:*]
	{
		decal_orientation = -0.447214,-0.832926,-0.325934,0.000000,0.364406,-0.931240,0.894427,-0.416464,-0.162967;
		decal_origin = -5.137710,5.291718,-32.061985,0x22CD93D2;
	  f far_plane = 1.100000;
	  x guid = 0x6C42DCD0;
	  f horizontal_meters = 6.000000;
	  f lod = 1.000000;
	  f near_plane = 0.100000;
		texture = Art\Bitmaps\Decals\b_d_for01-b.%img%;
	  f vertical_meters = 6.000000;
	}
	[t:decal,n:*]
	{
		decal_orientation = 0.336336,-0.882748,-0.328075,0.000000,0.348370,-0.937357,0.941742,0.315267,0.117170;
		decal_origin = -4.233672,4.991152,-31.730425,0x22CD93D2;
	  f far_plane = 1.100000;
	  x guid = 0x2FA8C0E9;
	  f horizontal_meters = 6.000000;
	  f lod = 1.000000;
	  f near_plane = 0.100000;
		texture = Art\Bitmaps\Decals\b_d_for01-b.%img%;
	  f vertical_meters = 6.000000;
	}
	[t:decal,n:*]
	{
		decal_orientation = 0.371391,-0.920175,-0.123882,0.000000,0.133425,-0.991059,0.928477,0.368070,0.049553;
		decal_origin = -5.699940,5.414307,-33.320820,0x22CD93D2;
	  f far_plane = 1.100000;
	  x guid = 0xBBA6A87C;
	  f horizontal_meters = 6.000000;
	  f lod = 1.000000;
	  f near_plane = 0.100000;
		texture = Art\Bitmaps\Decals\b_d_for01-b.%img%;
	  f vertical_meters = 6.000000;
	}
	[t:decal,n:*]
	{
		decal_orientation = 0.000000,-0.936329,-0.351124,0.000000,0.351124,-0.936329,1.000000,0.000000,0.000000;
		decal_origin = -6.539303,5.779076,-32.780842,0x22CD93D2;
	  f far_plane = 1.100000;
	  x guid = 0xAC0B7D41;
	  f horizontal_meters = 6.000000;
	  f lod = 1.000000;
	  f near_plane = 0.100000;
		texture = Art\Bitmaps\Decals\b_d_for01-b.%img%;
	  f vertical_meters = 6.000000;
	}
	[t:decal,n:*]
	{
		decal_orientation = 0.514495,-0.785650,-0.343582,0.000000,0.400681,-0.916217,0.857493,0.471390,0.206149;
		decal_origin = -7.036294,6.194725,-31.085142,0x22CD93D2;
	  f far_plane = 1.100000;
	  x guid = 0x6751ABC0;
	  f horizontal_meters = 6.000000;
	  f lod = 1.000000;
	  f near_plane = 0.100000;
		texture = Art\Bitmaps\Decals\b_d_for01-b.%img%;
	  f vertical_meters = 6.000000;
	}
	[t:decal,n:*]
	{
		decal_orientation = 0.569210,-0.764623,-0.302244,0.000000,0.367607,-0.929981,0.822192,0.529354,0.209246;
		decal_origin = -8.913801,6.682121,-31.773298,0x22CD93D2;
	  f far_plane = 1.100000;
	  x guid = 0xF49D194A;
	  f horizontal_meters = 6.000000;
	  f lod = 1.000000;
	  f near_plane = 0.100000;
		texture = Art\Bitmaps\Decals\b_d_for01-b.%img%;
	  f vertical_meters = 6.000000;
	}
	[t:decal,n:*]
	{
		decal_orientation = 0.141421,0.974835,0.172328,0.000000,0.174077,-0.984732,-0.989950,0.139261,0.024618;
		decal_origin = -10.480763,6.847418,-31.711531,0x22CD93D2;
	  f far_plane = 1.100000;
	  x guid = 0x609ADC7C;
	  f horizontal_meters = 6.000000;
	  f lod = 1.000000;
	  f near_plane = 0.100000;
		texture = Art\Bitmaps\Decals\b_d_for01-b.%img%;
	  f vertical_meters = 6.000000;
	}
	[t:decal,n:*]
	{
		decal_orientation = 0.141421,0.974835,0.172328,0.000000,0.174077,-0.984732,-0.989950,0.139261,0.024618;
		decal_origin = -10.237720,6.909323,-30.936796,0x22CD93D2;
	  f far_plane = 1.100000;
	  x guid = 0xD4065CB8;
