[decals]
{
	[t:decal,n:*]
	{
		decal_orientation = 0.480313,0.872818,0.086532,0.000000,0.098657,-0.995121,-0.877097,0.477970,0.047386;
		decal_origin = 1.757364,-4.831755,2.495008,0xC93BDBC4;
	  f far_plane = 1.100000;
	  x guid = 0xEEE39480;
	  f horizontal_meters = 4.000000;
	  f lod = 1.000000;
	  f near_plane = 0.100000;
		texture = Art\Bitmaps\Decals\b_d_grs01-a.%img%;
	  f vertical_meters = 4.000000;
	}
	[t:decal,n:*]
	{
		decal_orientation = 0.000000,-0.996815,-0.079746,0.000000,0.079746,-0.996815,1.000000,0.000000,0.000000;
		decal_origin = 0.044979,-5.000403,2.799384,0xC93BDBC4;
	  f far_plane = 1.100000;
	  x guid = 0x2553AF46;
	  f horizontal_meters = 4.000000;
	  f lod = 1.000000;
	  f near_plane = 0.100000;
		texture = Art\Bitmaps\Decals\b_d_grs01-a.%img%;
	  f vertical_meters = 4.000000;
	}
	[t:decal,n:*]
	{
		decal_orientation = 0.000000,-0.996546,-0.083046,0.000000,0.083046,-0.996546,1.000000,0.000000,0.000000;
		decal_origin = -1.868854,-4.832463,2.371053,0xC93BDBC4;
	  f far_plane = 1.100000;
	  x guid = 0x1D95B45B;
	  f horizontal_meters = 4.000000;
	  f lod = 1.000000;
	  f near_plane = 0.100000;
		texture = Art\Bitmaps\Decals\b_d_grs01-a.%img%;
	  f vertical_meters = 4.000000;
	}
}
