[decals]
{
	[t:decal,n:*]
	{
		decal_orientation = 0.000001,-0.983282,-0.182089,0.000000,0.182089,-0.983282,1.000000,0.000001,0.000000;
		decal_origin = -2.915321,1.690113,-1.514345,0x0B24A20E;
	  f far_plane = 1.100000;
	  x guid = 0x4A267D45;
	  f horizontal_meters = 4.000000;
	  f lod = 0.000000;
	  f near_plane = 0.100000;
		texture = Art\Bitmaps\Decals\b_d_for01-b.%img%;
	  f vertical_meters = 4.000000;
	}
	[t:decal,n:*]
	{
		decal_orientation = 0.000000,-1.000000,0.000000,0.000000,0.000000,-1.000000,1.000000,0.000000,0.000000;
		decal_origin = -3.997606,1.782134,0.364309,0x0B24A20E;
	  f far_plane = 1.100000;
	  x guid = 0xF8D89462;
	  f horizontal_meters = 4.000000;
	  f lod = 0.000000;
	  f near_plane = 0.100000;
		texture = Art\Bitmaps\Decals\b_d_for01-b.%img%;
	  f vertical_meters = 4.000000;
	}
	[t:decal,n:*]
	{
		decal_orientation = 1.000000,0.000000,0.000000,0.000000,0.090536,-0.995893,0.000000,0.995893,0.090536;
		decal_origin = -0.394032,1.570760,2.256355,0x3757523C;
	  f far_plane = 1.100000;
	  x guid = 0x72B77157;
	  f horizontal_meters = 4.000000;
	  f lod = 1.000000;
	  f near_plane = 0.100000;
		texture = Art\Bitmaps\Decals\b_d_for01-b.%img%;
	  f vertical_meters = 4.000000;
	}
	[t:decal,n:*]
	{
		decal_orientation = 0.000000,-1.000000,0.000000,0.000000,0.000000,-1.000000,1.000000,0.000000,0.000000;
		decal_origin = -1.070847,1.040118,0.027796,0x07661C3A;
	  f far_plane = 1.100000;
	  x guid = 0x14242A3D;
	  f horizontal_meters = 4.000000;
	  f lod = 0.000000;
	  f near_plane = 0.100000;
		texture = Art\Bitmaps\Decals\b_d_for01-b.%img%;
	  f vertical_meters = 4.000000;
	}
	[t:decal,n:*]
	{
		decal_orientation = 0.707107,-0.693375,-0.138675,0.000000,0.196116,-0.980581,0.707107,0.693375,0.138675;
		decal_origin = 1.480682,1.626869,3.333519,0xC46C6407;
	  f far_plane = 1.100000;
	  x guid = 0x8DF8CA0A;
	  f horizontal_meters = 4.000000;
	  f lod = 0.000000;
	  f near_plane = 0.100000;
		texture = Art\Bitmaps\Decals\b_d_for01-b.%img%;
	  f vertical_meters = 4.000000;
	}
	[t:decal,n:*]
	{
		decal_orientation = 1.000000,0.000000,0.000000,0.000000,0.447214,-0.894427,0.000000,0.894427,0.447214;
		decal_origin = 2.806643,0.818554,-0.284233,0xC46C6407;
	  f far_plane = 1.100000;
	  x guid = 0xBA721F4D;
	  f horizontal_meters = 4.000000;
	  f lod = 0.800000;
	  f near_plane = 0.100000;
		texture = Art\Bitmaps\Decals\b_d_for01-b.%img%;
	  f vertical_meters = 4.000000;
	}
	[t:decal,n:*]
	{
		decal_orientation = 0.707107,-0.707107,0.000000,0.000000,0.000000,-1.000000,0.707107,0.707107,0.000000;
		decal_origin = -0.798393,1.008647,-0.620796,0x0F2088BD;
	  f far_plane = 1.100000;
	  x guid = 0xED69AB4E;
	  f horizontal_meters = 3.000000;
	  f lod = 1.000000;
	  f near_plane = 0.100000;
		texture = Art\Bitmaps\Decals\b_d_for01-b.%img%;
	  f vertical_meters = 3.000000;
	}
	[t:decal,n:*]
	{
		decal_orientation = 0.342020,-0.939693,0.000000,0.000000,0.000000,-1.000000,0.939693,0.342020,0.000000;
		decal_origin = 0.965324,-2.700000,0.794506,0xB627D531;
	  f far_plane = 1.100000;
	  x guid = 0x4AE04B57;
	  f horizontal_meters = 2.500000;
	  f lod = 1.000000;
	  f near_plane = 0.100000;
		texture = Art\Bitmaps\Decals\b_d_rug-06.%img%;
	  f vertical_meters = 3.486449;
	}
	[t:decal,n:*]
	{
		decal_orientation = 0.000000,-1.000000,0.000000,0.000000,0.000000,-1.000000,1.000000,0.000000,0.000000;
		decal_origin = -0.777390,0.008081,-2.702477,0x184FE06C;
	  f far_plane = 1.100000;
	  x guid = 0x6F2942BD;
	  f horizontal_meters = 4.000000;
	  f lod = 0.000000;
	  f near_plane = 0.100000;
		texture = Art\Bitmaps\Decals\b_d_for01-b.%img%;
	  f vertical_meters = 4.000000;
	}
	[t:decal,n:*]
	{
		decal_orientation = 0.000000,-1.000000,0.000000,0.000000,0.000000,-1.000000,1.000000,0.000000,0.000000;
		decal_origin = -3.622223,1.000000,-0.124149,0xA0943A69;
	  f far_plane = 1.100000;
	  x guid = 0xDC0B33E7;
	  f horizontal_meters = 4.000000;
	  f lod = 0.500000;
	  f near_plane = 0.100000;
		texture = Art\Bitmaps\Decals\b_d_for01-b.%img%;
	  f vertical_meters = 4.000000;
	}
	[t:decal,n:*]
	{
		decal_orientation = 1.000000,0.000000,0.000000,0.000000,0.000000,-1.000000,0.000000,1.000000,0.000000;
		decal_origin = -2.011810,-0.003957,-3.788635,0x2DF30FC1;
	  f far_plane = 1.100000;
	  x guid = 0x9D7B71BB;
	  f horizontal_meters = 4.000000;
	  f lod = 1.000000;
	  f near_plane = 0.100000;
		texture = Art\Bitmaps\Decals\b_d_for01-b.%img%;
	  f vertical_meters = 4.000000;
	}
	[t:decal,n:*]
	{
		decal_orientation = 1.000000,0.000000,0.000000,0.000000,0.196116,-0.980581,0.000000,0.980581,0.196116;
		decal_origin = -0.967361,1.805489,2.428417,0xE5E48055;
	  f far_plane = 1.100000;
	  x guid = 0x1B79B065;
	  f horizontal_meters = 4.000000;
	  f lod = 0.500000;
	  f near_plane = 0.100000;
		texture = Art\Bitmaps\Decals\b_d_for01-b.%img%;
	  f vertical_meters = 4.000000;
	}
	[t:decal,n:*]
	{
		decal_orientation = 0.000000,-1.000000,0.000000,0.000000,0.000000,-1.000000,1.000000,0.000000,0.000000;
		decal_origin = 6.861874,-3.612501,-3.026565,0xA1AE4047;
	  f far_plane = 1.100000;
	  x guid = 0x5D7B474F;
	  f horizontal_meters = 4.000000;
	  f lod = 0.600000;
	  f near_plane = 0.100000;
		texture = Art\Bitmaps\Decals\b_d_for01-b.%img%;
	  f vertical_meters = 4.000000;
	}
	[t:decal,n:*]
	{
		decal_orientation = 0.000000,-1.000000,0.000000,0.000000,0.000000,-1.000000,1.000000,0.000000,0.000000;
		decal_origin = -1.640354,-3.612499,-5.520233,0xA1AE4047;
	  f far_plane = 1.100000;
	  x guid = 0x67EEBF86;
	  f horizontal_meters = 4.000000;
	  f lod = 1.000000;
	  f near_plane = 0.100000;
		texture = Art\Bitmaps\Decals\b_d_for01-b.%img%;
	  f vertical_meters = 4.000000;
	}
	[t:decal,n:*]
	{
		decal_orientation = 0.000000,-1.000000,0.000000,0.000000,0.000000,-1.000000,1.000000,0.000000,0.000000;
		decal_origin = -3.132259,0.999999,1.160843,0xA7740683;
	  f far_plane = 1.100000;
	  x guid = 0x1D091AA3;
	  f horizontal_meters = 4.000000;
	  f lod = 1.000000;
	  f near_plane = 0.100000;
		texture = Art\Bitmaps\Decals\b_d_for01-b.%img%;
	  f vertical_meters = 4.000000;
	}
	[t:decal,n:*]
	{
		decal_orientation = 0.000000,-1.000000,0.000000,0.000000,0.000000,-1.000000,1.000000,0.000000,0.000000;
		decal_origin = -2.174316,1.000000,-1.207092,0x2A38EA69;
	  f far_plane = 1.100000;
	  x guid = 0xF9FEF0FD;
	  f horizontal_meters = 4.000000;
	  f lod = 0.000000;
	  f near_plane = 0.100000;
		texture = Art\Bitmaps\Decals\b_d_for01-b.%img%;
	  f vertical_meters = 4.000000;
	}
	[t:decal,n:*]
	{
		decal_orientation = 0.000000,-0.980581,-0.196116,0.000000,0.196116,-0.980581,1.000000,0.000000,0.000000;
		decal_origin = -2.665226,1.786745,-3.960785,0x09B5BA6D;
	  f far_plane = 1.100000;
	  x guid = 0xD920A533;
	  f horizontal_meters = 4.000000;
	  f lod = 0.700000;
	  f near_plane = 0.100000;
		texture = Art\Bitmaps\Decals\b_d_for01-b.%img%;
	  f vertical_meters = 4.000000;
	}
	[t:decal,n:*]
	{
		decal_orientation = 1.000000,0.000000,0.000000,0.000000,0.196116,-0.980581,0.000000,0.980581,0.196116;
		decal_origin = 1.201431,1.815271,2.477325,0x09B5BA6D;
	  f far_plane = 1.100000;
	  x guid = 0xF5330E0D;
	  f horizontal_meters = 4.000000;
	  f lod = 1.000000;
	  f near_plane = 0.100000;
		texture = Art\Bitmaps\Decals\b_d_for01-b.%img%;
	  f vertical_meters = 4.000000;
	}
	[t:decal,n:*]
	{
		decal_orientation = 0.000000,-1.000000,0.000000,0.000000,0.000000,-1.000000,1.000000,0.000000,0.000000;
		decal_origin = 3.179817,1.000000,0.781692,0xEFC1BBAC;
	  f far_plane = 1.100000;
	  x guid = 0xBE662284;
	  f horizontal_meters = 4.000000;
	  f lod = 0.600000;
	  f near_plane = 0.100000;
		texture = Art\Bitmaps\Decals\b_d_for01-b.%img%;
	  f vertical_meters = 4.000000;
	}
	[t:decal,n:*]
	{
		decal_orientation = -0.325568,0.945518,0.000000,0.000000,0.000000,-1.000000,-0.945518,-0.325568,0.000000;
		decal_origin = -0.618637,0.050000,-1.151398,0x505E0513;
	  f far_plane = 1.100000;
	  x guid = 0xF60A153C;
	  f horizontal_meters = 2.500000;
	  f lod = 1.000000;
	  f near_plane = 0.100000;
		texture = Art\Bitmaps\Decals\b_d_rug-05.%img%;
	  f vertical_meters = 4.000000;
	}
	[t:decal,n:*]
	{
		decal_orientation = 0.000000,-1.000000,0.000000,0.000000,0.000000,-1.000000,1.000000,0.000000,0.000000;
		decal_origin = -3.401543,1.000000,-0.488785,0x642D370B;
	  f far_plane = 1.100000;
	  x guid = 0x7C2B36BE;
	  f horizontal_meters = 4.000000;
	  f lod = 0.000000;
	  f near_plane = 0.100000;
		texture = art\bitmaps\decals\b_d_for01-a.psd;
	  f vertical_meters = 4.000000;
	}
}
