[decals]
{
	[t:decal,n:*]
	{
		decal_orientation = -0.196116,0.000000,0.980581,0.000000,1.000000,0.000000,-0.980581,0.000000,-0.196116;
		decal_origin = 0.893124,-1.336308,-0.435364,0xFA35304C;
	  f far_plane = 1.100000;
	  x guid = 0x6A66343F;
	  f horizontal_meters = 4.000000;
	  f lod = 1.000000;
	  f near_plane = 0.100000;
		texture = Art\Bitmaps\Decals\b_d_jng01-a.%img%;
	  f vertical_meters = 4.000000;
	}
	[t:decal,n:*]
	{
		decal_orientation = -0.196116,0.000000,0.980581,0.000000,1.000000,0.000000,-0.980581,0.000000,-0.196116;
		decal_origin = 0.947537,0.604090,-0.163298,0xFA35304C;
	  f far_plane = 1.100000;
	  x guid = 0x9E1F9287;
	  f horizontal_meters = 4.000000;
	  f lod = 1.000000;
	  f near_plane = 0.100000;
		texture = Art\Bitmaps\Decals\b_d_jng01-a.%img%;
	  f vertical_meters = 4.000000;
	}
	[t:decal,n:*]
	{
		decal_orientation = 0.569210,0.000000,0.822192,0.000000,1.000000,0.000000,-0.822192,0.000000,0.569210;
		decal_origin = 0.784099,0.310069,0.532814,0xFA35304C;
	  f far_plane = 1.100000;
	  x guid = 0x25D8E09D;
	  f horizontal_meters = 4.000000;
	  f lod = 1.000000;
	  f near_plane = 0.100000;
		texture = Art\Bitmaps\Decals\b_d_jng01-a.%img%;
	  f vertical_meters = 4.000000;
	}
	[t:decal,n:*]
	{
		decal_orientation = 0.822192,0.000000,0.569210,0.000000,1.000000,0.000000,-0.569210,0.000000,0.822192;
		decal_origin = 0.549846,-1.175673,0.772308,0xFA35304C;
	  f far_plane = 1.100000;
	  x guid = 0xC26A37CE;
	  f horizontal_meters = 4.000000;
	  f lod = 1.000000;
	  f near_plane = 0.100000;
		texture = Art\Bitmaps\Decals\b_d_jng01-a.%img%;
	  f vertical_meters = 4.000000;
	}
	[t:decal,n:*]
	{
		decal_orientation = -0.822192,0.000000,0.569210,0.000000,1.000000,0.000000,-0.569210,0.000000,-0.822192;
		decal_origin = 0.493366,0.553088,-0.811409,0xFA35304C;
	  f far_plane = 1.100000;
	  x guid = 0xB4E3B3EB;
	  f horizontal_meters = 4.000000;
	  f lod = 1.000000;
	  f near_plane = 0.100000;
		texture = Art\Bitmaps\Decals\b_d_jng01-a.%img%;
	  f vertical_meters = 4.000000;
	}
	[t:decal,n:*]
	{
		decal_orientation = -0.980581,0.000000,0.196116,0.000000,1.000000,0.000000,-0.196116,0.000000,-0.980581;
		decal_origin = 0.220010,0.571530,-0.936194,0xFA35304C;
	  f far_plane = 1.100000;
	  x guid = 0x28591423;
	  f horizontal_meters = 4.000000;
	  f lod = 1.000000;
	  f near_plane = 0.100000;
		texture = Art\Bitmaps\Decals\b_d_jng01-a.%img%;
	  f vertical_meters = 4.000000;
	}
	[t:decal,n:*]
	{
		decal_orientation = 0.980581,0.000000,0.196116,0.000000,1.000000,0.000000,-0.196116,0.000000,0.980581;
		decal_origin = -0.176537,0.228197,1.015504,0xFA35304C;
	  f far_plane = 1.100000;
	  x guid = 0x573C091D;
	  f horizontal_meters = 4.000000;
	  f lod = 1.000000;
	  f near_plane = 0.100000;
		texture = Art\Bitmaps\Decals\b_d_jng01-a.%img%;
	  f vertical_meters = 4.000000;
	}
	[t:decal,n:*]
	{
		decal_orientation = 0.569210,0.000000,-0.822192,0.000000,1.000000,0.000000,0.822192,0.000000,0.569210;
		decal_origin = -0.580639,-0.315069,0.826700,0xFA35304C;
	  f far_plane = 1.100000;
	  x guid = 0x20DC1E4D;
	  f horizontal_meters = 4.000000;
	  f lod = 1.000000;
	  f near_plane = 0.100000;
		texture = Art\Bitmaps\Decals\b_d_jng01-a.%img%;
	  f vertical_meters = 4.000000;
	}
	[t:decal,n:*]
	{
		decal_orientation = 0.980581,0.000000,-0.196116,0.000000,1.000000,0.000000,0.196116,0.000000,0.980581;
		decal_origin = -0.494874,-1.390042,0.881221,0xFA35304C;
	  f far_plane = 1.100000;
	  x guid = 0x50FE29A9;
	  f horizontal_meters = 4.000000;
	  f lod = 1.000000;
	  f near_plane = 0.100000;
		texture = Art\Bitmaps\Decals\b_d_jng01-a.%img%;
	  f vertical_meters = 4.000000;
	}
	[t:decal,n:*]
	{
		decal_orientation = 0.196116,0.000000,-0.980581,0.000000,1.000000,0.000000,0.980581,0.000000,0.196116;
		decal_origin = -0.983512,-1.048632,-0.016579,0xFA35304C;
	  f far_plane = 1.100000;
	  x guid = 0xAE9FF68C;
	  f horizontal_meters = 4.000000;
	  f lod = 1.000000;
	  f near_plane = 0.100000;
		texture = Art\Bitmaps\Decals\b_d_jng01-a.%img%;
	  f vertical_meters = 4.000000;
	}
	[t:decal,n:*]
	{
		decal_orientation = 0.196116,0.000000,-0.980581,0.000000,1.000000,0.000000,0.980581,0.000000,0.196116;
		decal_origin = -1.005506,0.132610,-0.126548,0xFA35304C;
	  f far_plane = 1.100000;
	  x guid = 0x026CE2E1;
	  f horizontal_meters = 4.000000;
	  f lod = 1.000000;
	  f near_plane = 0.100000;
		texture = Art\Bitmaps\Decals\b_d_jng01-a.%img%;
	  f vertical_meters = 4.000000;
	}
	[t:decal,n:*]
	{
		decal_orientation = -0.569210,0.000000,-0.822192,0.000000,1.000000,0.000000,0.822192,0.000000,-0.569210;
		decal_origin = -0.788776,-0.655923,-0.526058,0xFA35304C;
	  f far_plane = 1.100000;
	  x guid = 0x9BAAFEC7;
	  f horizontal_meters = 4.000000;
	  f lod = 1.000000;
	  f near_plane = 0.100000;
		texture = Art\Bitmaps\Decals\b_d_jng01-a.%img%;
	  f vertical_meters = 4.000000;
	}
	[t:decal,n:*]
	{
		decal_orientation = -0.822192,0.000000,-0.569210,0.000000,1.000000,0.000000,0.569210,0.000000,-0.822192;
		decal_origin = -0.544476,1.173930,-0.776025,0xFA35304C;
	  f far_plane = 1.100000;
	  x guid = 0xA958DDB9;
	  f horizontal_meters = 4.000000;
	  f lod = 1.000000;
	  f near_plane = 0.100000;
		texture = Art\Bitmaps\Decals\b_d_jng01-a.%img%;
	  f vertical_meters = 4.000000;
	}
	[t:decal,n:*]
	{
		decal_orientation = -0.822192,0.000000,-0.569210,0.000000,1.000000,0.000000,0.569210,0.000000,-0.822192;
		decal_origin = -0.356220,-1.296506,-0.906357,0xFA35304C;
	  f far_plane = 1.100000;
	  x guid = 0x743C9967;
	  f horizontal_meters = 4.000000;
	  f lod = 1.000000;
	  f near_plane = 0.100000;
		texture = Art\Bitmaps\Decals\b_d_jng01-a.%img%;
	  f vertical_meters = 4.000000;
	}
	[t:decal,n:*]
	{
		decal_orientation = -0.822192,0.000000,0.569210,0.000000,1.000000,0.000000,-0.569210,0.000000,-0.822192;
		decal_origin = 0.411897,-1.426315,-0.867811,0xFA35304C;
	  f far_plane = 1.100000;
	  x guid = 0x51784D7A;
	  f horizontal_meters = 4.000000;
	  f lod = 1.000000;
	  f near_plane = 0.100000;
		texture = Art\Bitmaps\Decals\b_d_jng01-a.%img%;
	  f vertical_meters = 4.000000;
	}
}
