[decals]
{
	[t:decal,n:*]
	{
		decal_orientation = 0.417902,0.907453,0.043429,0.000000,0.047803,-0.998857,-0.908492,0.417425,0.019977;
		decal_origin = 0.053162,-2.980988,-4.570675,0x3D98FE94;
	  f far_plane = 1.100000;
	  x guid = 0x0E5FF018;
	  f horizontal_meters = 4.000000;
	  f lod = 1.000000;
	  f near_plane = 0.100000;
		texture = Art\Bitmaps\Decals\b_d_for01-b.%img%;
	  f vertical_meters = 4.000000;
	}
	[t:decal,n:*]
	{
		decal_orientation = 0.000000,-1.000000,0.000000,0.000000,0.000000,-1.000000,1.000000,0.000000,0.000000;
		decal_origin = 1.023945,1.000000,1.653554,0xCC9BBA25;
	  f far_plane = 1.100000;
	  x guid = 0xF6440923;
	  f horizontal_meters = 4.000000;
	  f lod = 1.000000;
	  f near_plane = 0.100000;
		texture = Art\Bitmaps\Decals\b_d_for01-b.%img%;
	  f vertical_meters = 4.000000;
	}
	[t:decal,n:*]
	{
		decal_orientation = 0.000000,-1.000000,0.000000,0.000000,0.000000,-1.000000,1.000000,0.000000,0.000000;
		decal_origin = 2.957921,1.000001,0.942207,0xCC9BBA25;
	  f far_plane = 1.100000;
	  x guid = 0xDA863792;
	  f horizontal_meters = 4.000000;
	  f lod = 1.000000;
	  f near_plane = 0.100000;
		texture = Art\Bitmaps\Decals\b_d_for01-b.%img%;
	  f vertical_meters = 4.000000;
	}
	[t:decal,n:*]
	{
		decal_orientation = 0.000000,-1.000000,0.000000,0.000000,0.000000,-1.000000,1.000000,0.000000,0.000000;
		decal_origin = -2.908360,1.000001,0.865881,0xD3A9315D;
	  f far_plane = 1.100000;
	  x guid = 0x9FC72820;
	  f horizontal_meters = 4.000000;
	  f lod = 1.000000;
	  f near_plane = 0.100000;
		texture = Art\Bitmaps\Decals\b_d_for01-b.%img%;
	  f vertical_meters = 4.000000;
	}
	[t:decal,n:*]
	{
		decal_orientation = 0.000000,-1.000000,0.000000,0.000000,0.000000,-1.000000,1.000000,0.000000,0.000000;
		decal_origin = -0.532447,1.000000,1.231925,0xD3A9315D;
	  f far_plane = 1.100000;
	  x guid = 0x32376797;
	  f horizontal_meters = 4.000000;
	  f lod = 1.000000;
	  f near_plane = 0.100000;
		texture = Art\Bitmaps\Decals\b_d_for01-b.%img%;
	  f vertical_meters = 4.000000;
	}
	[t:decal,n:*]
	{
		decal_orientation = 0.000000,-1.000000,0.000000,0.000000,0.000000,-1.000000,1.000000,0.000000,0.000000;
		decal_origin = 1.159667,0.999999,1.329360,0xD3A9315D;
	  f far_plane = 1.100000;
	  x guid = 0x42879C2F;
	  f horizontal_meters = 4.000000;
	  f lod = 1.000000;
	  f near_plane = 0.100000;
		texture = Art\Bitmaps\Decals\b_d_for01-b.%img%;
	  f vertical_meters = 4.000000;
	}
	[t:decal,n:*]
	{
		decal_orientation = 0.000000,-1.000000,0.000000,0.000000,0.000000,-1.000000,1.000000,0.000000,0.000000;
		decal_origin = 2.926738,1.000000,0.937919,0xD3A9315D;
	  f far_plane = 1.100000;
	  x guid = 0x9E078A67;
	  f horizontal_meters = 4.000000;
	  f lod = 1.000000;
	  f near_plane = 0.100000;
		texture = Art\Bitmaps\Decals\b_d_for01-b.%img%;
	  f vertical_meters = 4.000000;
	}
	[t:decal,n:*]
	{
		decal_orientation = 0.000000,-1.000000,0.000000,0.000000,0.000000,-1.000000,1.000000,0.000000,0.000000;
		decal_origin = 2.690081,1.000000,0.432976,0xFD0A421F;
	  f far_plane = 1.100000;
	  x guid = 0x94DC971C;
	  f horizontal_meters = 4.000000;
	  f lod = 1.000000;
	  f near_plane = 0.100000;
		texture = Art\Bitmaps\Decals\b_d_for01-b.%img%;
	  f vertical_meters = 4.000000;
	}
	[t:decal,n:*]
	{
		decal_orientation = 0.000000,-1.000000,0.000000,0.000000,0.000000,-1.000000,1.000000,0.000000,0.000000;
		decal_origin = 1.079190,1.000000,0.899828,0xFD0A421F;
	  f far_plane = 1.100000;
	  x guid = 0x5FF1302D;
	  f horizontal_meters = 4.000000;
	  f lod = 1.000000;
	  f near_plane = 0.100000;
		texture = Art\Bitmaps\Decals\b_d_for01-b.%img%;
	  f vertical_meters = 4.000000;
	}
	[t:decal,n:*]
	{
		decal_orientation = 0.000000,-1.000000,0.000000,0.000000,0.000000,-1.000000,1.000000,0.000000,0.000000;
		decal_origin = -0.626017,1.000000,1.381275,0xFD0A421F;
	  f far_plane = 1.100000;
	  x guid = 0xAB6851B2;
	  f horizontal_meters = 4.000000;
	  f lod = 1.000000;
	  f near_plane = 0.100000;
		texture = Art\Bitmaps\Decals\b_d_for01-b.%img%;
	  f vertical_meters = 4.000000;
	}
	[t:decal,n:*]
	{
		decal_orientation = 0.000000,-1.000000,0.000000,0.000000,0.000000,-1.000000,1.000000,0.000000,0.000000;
		decal_origin = -2.546978,1.000000,1.015618,0xFD0A421F;
	  f far_plane = 1.100000;
	  x guid = 0xD0CBB3C0;
	  f horizontal_meters = 4.000000;
	  f lod = 1.000000;
	  f near_plane = 0.100000;
		texture = Art\Bitmaps\Decals\b_d_for01-b.%img%;
	  f vertical_meters = 4.000000;
	}
	[t:decal,n:*]
	{
		decal_orientation = 0.000000,-1.000000,0.000000,0.000000,0.000000,-1.000000,1.000000,0.000000,0.000000;
		decal_origin = -2.536858,1.000000,1.185244,0xBDE05318;
	  f far_plane = 1.100000;
	  x guid = 0xFE930502;
	  f horizontal_meters = 4.000000;
	  f lod = 1.000000;
	  f near_plane = 0.100000;
		texture = Art\Bitmaps\Decals\b_d_for01-b.%img%;
	  f vertical_meters = 4.000000;
	}
	[t:decal,n:*]
	{
		decal_orientation = 0.000000,-1.000000,0.000000,0.000000,0.000000,-1.000000,1.000000,0.000000,0.000000;
		decal_origin = -0.398669,1.000000,0.735144,0xBDE05318;
	  f far_plane = 1.100000;
	  x guid = 0x8C1445CB;
	  f horizontal_meters = 4.000000;
	  f lod = 1.000000;
	  f near_plane = 0.100000;
		texture = Art\Bitmaps\Decals\b_d_for01-b.%img%;
	  f vertical_meters = 4.000000;
	}
	[t:decal,n:*]
	{
		decal_orientation = 0.000000,-1.000000,0.000000,0.000000,0.000000,-1.000000,1.000000,0.000000,0.000000;
		decal_origin = 1.509293,1.000000,0.381811,0xBDE05318;
	  f far_plane = 1.100000;
	  x guid = 0xD4A0C633;
	  f horizontal_meters = 4.000000;
	  f lod = 1.000000;
	  f near_plane = 0.100000;
		texture = Art\Bitmaps\Decals\b_d_for01-b.%img%;
	  f vertical_meters = 4.000000;
	}
	[t:decal,n:*]
	{
		decal_orientation = 0.000000,-1.000000,0.000000,0.000000,0.000000,-1.000000,1.000000,0.000000,0.000000;
		decal_origin = 3.065529,1.000000,0.072598,0xBDE05318;
	  f far_plane = 1.100000;
	  x guid = 0x97105DBF;
	  f horizontal_meters = 4.000000;
	  f lod = 1.000000;
	  f near_plane = 0.100000;
		texture = Art\Bitmaps\Decals\b_d_for01-b.%img%;
	  f vertical_meters = 4.000000;
	}
	[t:decal,n:*]
	{
		decal_orientation = 0.000000,-1.000000,0.000000,0.000000,0.000000,-1.000000,1.000000,0.000000,0.000000;
		decal_origin = -1.650949,5.000002,1.725737,0x9B2F9018;
	  f far_plane = 1.100000;
	  x guid = 0x7F20963D;
	  f horizontal_meters = 4.000000;
	  f lod = 1.000000;
	  f near_plane = 0.100000;
		texture = Art\Bitmaps\Decals\b_d_for01-b.%img%;
	  f vertical_meters = 4.000000;
	}
	[t:decal,n:*]
	{
		decal_orientation = 0.000000,-1.000000,0.000000,0.000000,0.000000,-1.000000,1.000000,0.000000,0.000000;
		decal_origin = -3.548743,-3.000000,-2.935059,0xDBB5EDFF;
	  f far_plane = 1.100000;
	  x guid = 0xBD01456D;
	  f horizontal_meters = 4.000000;
	  f lod = 1.000000;
	  f near_plane = 0.100000;
		texture = Art\Bitmaps\Decals\b_d_for01-b.%img%;
	  f vertical_meters = 4.000000;
	}
	[t:decal,n:*]
	{
		decal_orientation = 0.672673,-0.671677,-0.310421,0.000000,0.419521,-0.907745,0.739940,0.610616,0.282201;
		decal_origin = -1.567429,-3.037333,-3.971159,0xDBB5EDFF;
	  f far_plane = 1.100000;
	  x guid = 0xE86C9923;
	  f horizontal_meters = 4.000000;
	  f lod = 1.000000;
	  f near_plane = 0.100000;
		texture = Art\Bitmaps\Decals\b_d_for01-b.%img%;
	  f vertical_meters = 4.000000;
	}
	[t:decal,n:*]
	{
		decal_orientation = 0.707107,0.686064,0.171219,0.000000,0.242140,-0.970241,-0.707107,0.686064,0.171219;
		decal_origin = -2.404312,-2.988093,-3.702017,0xDBB5EDFF;
	  f far_plane = 1.100000;
	  x guid = 0x77E55BCF;
	  f horizontal_meters = 4.000000;
	  f lod = 1.000000;
	  f near_plane = 0.100000;
		texture = Art\Bitmaps\Decals\b_d_for01-b.%img%;
	  f vertical_meters = 4.000000;
	}
	[t:decal,n:*]
	{
		decal_orientation = 0.707107,0.686064,0.171219,0.000000,0.242140,-0.970241,-0.707107,0.686064,0.171219;
		decal_origin = -2.404312,-2.988093,-3.702017,0xDBB5EDFF;
	  f far_plane = 1.100000;
	  x guid = 0x207A1E3C;
	  f horizontal_meters = 4.000000;
	  f lod = 1.000000;
	  f near_plane = 0.100000;
		texture = Art\Bitmaps\Decals\b_d_for01-b.%img%;
	  f vertical_meters = 4.000000;
	}
	[t:decal,n:*]
	{
		decal_orientation = 0.000000,-1.000000,0.000000,0.000000,0.000000,-1.000000,1.000000,0.000000,0.000000;
		decal_origin = 3.127245,1.000000,-0.813919,0x134A3CEE;
	  f far_plane = 1.100000;
	  x guid = 0xB39E521C;
	  f horizontal_meters = 4.000000;
	  f lod = 1.000000;
	  f near_plane = 0.100000;
		texture = Art\Bitmaps\Decals\b_d_for01-b.%img%;
	  f vertical_meters = 4.000000;
	}
	[t:decal,n:*]
	{
		decal_orientation = 0.000000,-1.000000,0.000000,0.000000,0.000000,-1.000000,1.000000,0.000000,0.000000;
		decal_origin = -2.389522,3.000000,3.570279,0x4F9A9913;
	  f far_plane = 1.100000;
	  x guid = 0x00EBDD4A;
	  f horizontal_meters = 4.000000;
	  f lod = 1.000000;
	  f near_plane = 0.100000;
		texture = Art\Bitmaps\Decals\b_d_for01-b.%img%;
	  f vertical_meters = 4.000000;
	}
	[t:decal,n:*]
	{
		decal_orientation = 0.000000,-1.000000,0.000000,0.000000,0.000000,-1.000000,1.000000,0.000000,0.000000;
		decal_origin = -0.504061,2.999998,3.187633,0x4F9A9913;
	  f far_plane = 1.100000;
	  x guid = 0xEA702A11;
	  f horizontal_meters = 4.000000;
	  f lod = 1.000000;
	  f near_plane = 0.100000;
		texture = Art\Bitmaps\Decals\b_d_for01-b.%img%;
	  f vertical_meters = 4.000000;
	}
	[t:decal,n:*]
	{
		decal_orientation = 0.980581,0.170633,0.096674,0.000000,0.492941,-0.870063,-0.196116,0.853167,0.483368;
		decal_origin = 0.903054,2.352265,2.004650,0x4F9A9913;
	  f far_plane = 1.100000;
	  x guid = 0x7204BE85;
	  f horizontal_meters = 4.000000;
	  f lod = 1.000000;
	  f near_plane = 0.100000;
		texture = Art\Bitmaps\Decals\b_d_for01-b.%img%;
	  f vertical_meters = 4.000000;
	}
	[t:decal,n:*]
	{
		decal_orientation = 0.655353,-0.619398,-0.432271,0.000000,0.572300,-0.820044,0.755322,0.537419,0.375059;
		decal_origin = 1.032874,2.368849,1.945906,0x4F9A9913;
	  f far_plane = 1.100000;
	  x guid = 0x7374FCE0;
	  f horizontal_meters = 4.000000;
	  f lod = 1.000000;
	  f near_plane = 0.100000;
		texture = Art\Bitmaps\Decals\b_d_for01-b.%img%;
	  f vertical_meters = 4.000000;
	}
	[t:decal,n:*]
	{
		decal_orientation = 0.984183,0.155848,0.084230,0.000000,0.475464,-0.879735,-0.177153,0.865821,0.467944;
		decal_origin = 1.461213,2.721330,2.576076,0x4F9A9913;
	  f far_plane = 1.100000;
	  x guid = 0x4334AA3A;
	  f horizontal_meters = 4.000000;
	  f lod = 1.000000;
	  f near_plane = 0.100000;
		texture = Art\Bitmaps\Decals\b_d_for01-b.%img%;
	  f vertical_meters = 4.000000;
	}
	[t:decal,n:*]
	{
		decal_orientation = 1.000000,0.000000,0.000000,0.000000,0.099504,-0.995037,0.000000,0.995037,0.099504;
		decal_origin = 1.581881,2.949999,3.450122,0x4F9A9913;
	  f far_plane = 1.100000;
	  x guid = 0x7DA33A9E;
	  f horizontal_meters = 4.000000;
	  f lod = 1.000000;
	  f near_plane = 0.100000;
		texture = Art\Bitmaps\Decals\b_d_for01-b.%img%;
	  f vertical_meters = 4.000000;
	}
	[t:decal,n:*]
	{
		decal_orientation = 0.968493,0.227432,0.101470,0.000000,0.407443,-0.913231,-0.249041,0.884457,0.394606;
		decal_origin = 1.226617,1.673362,0.534479,0x4F9A9913;
	  f far_plane = 1.100000;
	  x guid = 0x908390AA;
	  f horizontal_meters = 4.000000;
	  f lod = 1.000000;
	  f near_plane = 0.100000;
		texture = Art\Bitmaps\Decals\b_d_for01-b.%img%;
	  f vertical_meters = 4.000000;
	}
	[t:decal,n:*]
	{
		decal_orientation = 0.708199,0.594451,0.380897,0.000000,0.539504,-0.841983,-0.706013,0.596291,0.382076;
		decal_origin = 0.690508,1.232446,-0.453288,0x4F9A9913;
	  f far_plane = 1.100000;
	  x guid = 0x72B28AA8;
	  f horizontal_meters = 4.000000;
	  f lod = 1.000000;
	  f near_plane = 0.100000;
		texture = Art\Bitmaps\Decals\b_d_for01-b.%img%;
	  f vertical_meters = 4.000000;
	}
	[t:decal,n:*]
	{
		decal_orientation = 0.727076,0.537680,0.426920,0.000000,0.621828,-0.783154,-0.686557,0.569412,0.452116;
		decal_origin = -0.002068,0.296759,-1.727396,0x4F9A9913;
	  f far_plane = 1.100000;
	  x guid = 0x9B46E008;
	  f horizontal_meters = 4.000000;
	  f lod = 1.000000;
	  f near_plane = 0.100000;
		texture = Art\Bitmaps\Decals\b_d_for01-b.%img%;
	  f vertical_meters = 4.000000;
	}
	[t:decal,n:*]
	{
		decal_orientation = 0.231998,0.852621,0.468203,0.000000,0.481336,-0.876536,-0.972716,0.203355,0.111669;
		decal_origin = -1.030396,-0.199512,-2.226760,0x4F9A9913;
	  f far_plane = 1.100000;
	  x guid = 0x90CEAF76;
	  f horizontal_meters = 4.000000;
	  f lod = 1.000000;
	  f near_plane = 0.100000;
		texture = Art\Bitmaps\Decals\b_d_for01-b.%img%;
	  f vertical_meters = 4.000000;
	}
	[t:decal,n:*]
	{
		decal_orientation = 0.996685,0.064143,0.050055,0.000000,0.615211,-0.788363,-0.081362,0.785749,0.613171;
		decal_origin = -1.671953,-0.989853,-4.195620,0x4F9A9913;
	  f far_plane = 1.100000;
	  x guid = 0x3147B326;
	  f horizontal_meters = 4.000000;
	  f lod = 1.000000;
	  f near_plane = 0.100000;
		texture = Art\Bitmaps\Decals\b_d_for01-b.%img%;
	  f vertical_meters = 4.000000;
	}
	[t:decal,n:*]
	{
		decal_orientation = -0.490261,0.865895,0.099348,0.000000,0.113987,-0.993482,-0.871576,-0.487066,-0.055883;
		decal_origin = -2.429405,-0.977711,-2.787494,0x4F9A9913;
	  f far_plane = 1.100000;
	  x guid = 0xDE95801C;
	  f horizontal_meters = 4.000000;
	  f lod = 1.000000;
	  f near_plane = 0.100000;
		texture = Art\Bitmaps\Decals\b_d_for01-b.%img%;
	  f vertical_meters = 4.000000;
	}
	[t:decal,n:*]
	{
		decal_orientation = -0.755033,-0.653282,-0.056107,0.000000,0.085571,-0.996332,0.655687,-0.752264,-0.064609;
		decal_origin = 0.190051,0.028974,-2.269583,0x4F9A9913;
	  f far_plane = 1.100000;
	  x guid = 0xCCE12276;
	  f horizontal_meters = 4.000000;
	  f lod = 1.000000;
	  f near_plane = 0.100000;
		texture = Art\Bitmaps\Decals\b_d_for01-b.%img%;
	  f vertical_meters = 4.000000;
	}
	[t:decal,n:*]
	{
		decal_orientation = 0.863779,-0.441463,-0.242891,0.000000,0.482051,-0.876143,0.503871,0.756794,0.416385;
		decal_origin = 0.393213,1.933999,0.799290,0x4F9A9913;
	  f far_plane = 1.100000;
	  x guid = 0x8200D8F9;
	  f horizontal_meters = 4.000000;
	  f lod = 1.000000;
	  f near_plane = 0.100000;
		texture = Art\Bitmaps\Decals\b_d_for01-b.%img%;
	  f vertical_meters = 4.000000;
	}
	[t:decal,n:*]
	{
		decal_orientation = 0.956352,0.201233,0.211889,0.000000,0.725104,-0.688639,-0.292219,0.658581,0.693455;
		decal_origin = -0.228559,1.443592,0.007878,0x4F9A9913;
	  f far_plane = 1.100000;
	  x guid = 0x5980BC66;
	  f horizontal_meters = 4.000000;
	  f lod = 1.000000;
	  f near_plane = 0.100000;
		texture = Art\Bitmaps\Decals\b_d_for01-b.%img%;
	  f vertical_meters = 4.000000;
	}
	[t:decal,n:*]
	{
		decal_orientation = 0.116167,0.903890,0.411690,0.000000,0.414496,-0.910051,-0.993230,0.105718,0.048151;
		decal_origin = 1.585546,1.772791,0.351243,0x4F9A9913;
	  f far_plane = 1.100000;
	  x guid = 0x4A5F8337;
	  f horizontal_meters = 4.000000;
	  f lod = 1.000000;
	  f near_plane = 0.100000;
		texture = Art\Bitmaps\Decals\b_d_for01-b.%img%;
	  f vertical_meters = 4.000000;
	}
	[t:decal,n:*]
	{
		decal_orientation = 0.708199,0.594451,0.380897,0.000000,0.539504,-0.841983,-0.706013,0.596291,0.382076;
		decal_origin = 1.773865,1.574794,-0.778871,0x4F9A9913;
	  f far_plane = 1.100000;
	  x guid = 0x52B6C4F4;
	  f horizontal_meters = 4.000000;
	  f lod = 1.000000;
	  f near_plane = 0.100000;
		texture = Art\Bitmaps\Decals\b_d_for01-b.%img%;
	  f vertical_meters = 4.000000;
	}
	[t:decal,n:*]
	{
		decal_orientation = 0.970142,-0.232199,-0.070052,0.000000,0.288832,-0.957380,0.242536,0.928795,0.280209;
		decal_origin = -0.777882,2.862981,1.710278,0x4F9A9913;
	  f far_plane = 1.100000;
	  x guid = 0x61C3B264;
	  f horizontal_meters = 4.000000;
	  f lod = 1.000000;
	  f near_plane = 0.100000;
		texture = Art\Bitmaps\Decals\b_d_for01-b.%img%;
	  f vertical_meters = 4.000000;
	}
	[t:decal,n:*]
	{
		decal_orientation = 0.691905,-0.497989,-0.522756,0.000000,0.724050,-0.689747,0.721988,0.477240,0.500974;
		decal_origin = -0.270358,2.021178,0.298758,0x4F9A9913;
	  f far_plane = 1.100000;
	  x guid = 0x6DC900FA;
	  f horizontal_meters = 4.000000;
	  f lod = 1.000000;
	  f near_plane = 0.100000;
		texture = Art\Bitmaps\Decals\b_d_for01-b.%img%;
	  f vertical_meters = 4.000000;
	}
	[t:decal,n:*]
	{
		decal_orientation = 0.000000,-1.000000,0.000000,0.000000,0.000000,-1.000000,1.000000,0.000000,0.000000;
		decal_origin = -2.429729,1.000000,-3.130361,0x235799CB;
	  f far_plane = 1.100000;
	  x guid = 0x13ED8FE2;
	  f horizontal_meters = 4.000000;
	  f lod = 1.000000;
	  f near_plane = 0.100000;
		texture = Art\Bitmaps\Decals\b_d_for01-b.%img%;
	  f vertical_meters = 4.000000;
	}
	[t:decal,n:*]
	{
		decal_orientation = 0.000000,-1.000000,0.000000,0.000000,0.000000,-1.000000,1.000000,0.000000,0.000000;
		decal_origin = -1.868091,1.000000,-1.226724,0x235799CB;
	  f far_plane = 1.100000;
	  x guid = 0x8BB1174F;
	  f horizontal_meters = 4.000000;
	  f lod = 1.000000;
	  f near_plane = 0.100000;
		texture = Art\Bitmaps\Decals\b_d_for01-b.%img%;
	  f vertical_meters = 4.000000;
	}
	[t:decal,n:*]
	{
		decal_orientation = 0.000000,-1.000000,0.000000,0.000000,0.000000,-1.000000,1.000000,0.000000,0.000000;
		decal_origin = -1.504143,1.000000,0.434334,0x235799CB;
	  f far_plane = 1.100000;
	  x guid = 0x11A2494C;
	  f horizontal_meters = 4.000000;
	  f lod = 1.000000;
	  f near_plane = 0.100000;
		texture = Art\Bitmaps\Decals\b_d_for01-b.%img%;
	  f vertical_meters = 4.000000;
	}
	[t:decal,n:*]
	{
		decal_orientation = 0.000000,-1.000000,0.000000,0.000000,0.000000,-1.000000,1.000000,0.000000,0.000000;
		decal_origin = -1.063668,1.000000,2.537088,0x235799CB;
	  f far_plane = 1.100000;
	  x guid = 0x436C8329;
	  f horizontal_meters = 4.000000;
	  f lod = 1.000000;
	  f near_plane = 0.100000;
		texture = Art\Bitmaps\Decals\b_d_for01-b.%img%;
	  f vertical_meters = 4.000000;
	}
	[t:decal,n:*]
	{
		decal_orientation = 0.000000,-1.000000,0.000000,0.000000,0.000000,-1.000000,1.000000,0.000000,0.000000;
		decal_origin = 1.392486,1.000000,-1.924477,0xCCE9F152;
	  f far_plane = 1.100000;
	  x guid = 0xF7E6E645;
	  f horizontal_meters = 4.000000;
	  f lod = 1.000000;
	  f near_plane = 0.100000;
		texture = Art\Bitmaps\Decals\b_d_for01-b.%img%;
	  f vertical_meters = 4.000000;
	}
	[t:decal,n:*]
	{
		decal_orientation = 0.000000,-1.000000,0.000000,0.000000,0.000000,-1.000000,1.000000,0.000000,0.000000;
		decal_origin = 3.934447,1.000000,2.068769,0x8D82749A;
	  f far_plane = 1.100000;
	  x guid = 0xE1D9DC2A;
	  f horizontal_meters = 4.000000;
	  f lod = 1.000000;
	  f near_plane = 0.100000;
		texture = Art\Bitmaps\Decals\b_d_for01-b.%img%;
	  f vertical_meters = 4.000000;
	}
	[t:decal,n:*]
	{
		decal_orientation = 0.000000,-1.000000,0.000000,0.000000,0.000000,-1.000000,1.000000,0.000000,0.000000;
		decal_origin = 3.762732,1.000004,0.028809,0x8D82749A;
	  f far_plane = 1.100000;
	  x guid = 0x11461C49;
	  f horizontal_meters = 4.000000;
	  f lod = 1.000000;
	  f near_plane = 0.100000;
		texture = Art\Bitmaps\Decals\b_d_for01-b.%img%;
	  f vertical_meters = 4.000000;
	}
	[t:decal,n:*]
	{
		decal_orientation = 0.000000,-1.000000,0.000000,0.000000,0.000000,-1.000000,1.000000,0.000000,0.000000;
		decal_origin = 2.160368,1.000000,-1.232930,0x8D82749A;
	  f far_plane = 1.100000;
	  x guid = 0x1ABBA70A;
	  f horizontal_meters = 4.000000;
	  f lod = 1.000000;
	  f near_plane = 0.100000;
		texture = Art\Bitmaps\Decals\b_d_for01-b.%img%;
	  f vertical_meters = 4.000000;
	}
	[t:decal,n:*]
	{
		decal_orientation = 0.000000,-1.000000,0.000000,0.000000,0.000000,-1.000000,1.000000,0.000000,0.000000;
		decal_origin = 0.892299,1.000000,-2.609526,0x8D82749A;
	  f far_plane = 1.100000;
	  x guid = 0xA34814EA;
	  f horizontal_meters = 4.000000;
	  f lod = 1.000000;
	  f near_plane = 0.100000;
		texture = Art\Bitmaps\Decals\b_d_for01-b.%img%;
	  f vertical_meters = 4.000000;
	}
	[t:decal,n:*]
	{
		decal_orientation = 0.000000,-1.000000,0.000000,0.000000,0.000000,-1.000000,1.000000,0.000000,0.000000;
		decal_origin = -3.954243,1.000000,-0.023124,0x092482F8;
	  f far_plane = 1.100000;
	  x guid = 0xD62DC53F;
	  f horizontal_meters = 4.000000;
	  f lod = 1.000000;
	  f near_plane = 0.100000;
		texture = Art\Bitmaps\Decals\b_d_for01-b.%img%;
	  f vertical_meters = 4.000000;
	}
	[t:decal,n:*]
	{
		decal_orientation = 0.000000,-1.000000,0.000000,0.000000,0.000000,-1.000000,1.000000,0.000000,0.000000;
		decal_origin = -2.253866,1.000000,-0.470569,0x092482F8;
	  f far_plane = 1.100000;
	  x guid = 0x5BB20264;
	  f horizontal_meters = 4.000000;
	  f lod = 1.000000;
	  f near_plane = 0.100000;
		texture = Art\Bitmaps\Decals\b_d_for01-b.%img%;
	  f vertical_meters = 4.000000;
	}
	[t:decal,n:*]
	{
		decal_orientation = 0.000000,-1.000000,0.000000,0.000000,0.000000,-1.000000,1.000000,0.000000,0.000000;
		decal_origin = -0.519522,1.000000,-0.815371,0x092482F8;
	  f far_plane = 1.100000;
	  x guid = 0x5F011153;
	  f horizontal_meters = 4.000000;
	  f lod = 1.000000;
	  f near_plane = 0.100000;
		texture = Art\Bitmaps\Decals\b_d_for01-b.%img%;
	  f vertical_meters = 4.000000;
	}
	[t:decal,n:*]
	{
		decal_orientation = 0.000000,-1.000000,0.000000,0.000000,0.000000,-1.000000,1.000000,0.000000,0.000000;
		decal_origin = 1.415337,1.000000,-1.333601,0x092482F8;
	  f far_plane = 1.100000;
	  x guid = 0xB3AA267A;
	  f horizontal_meters = 4.000000;
	  f lod = 1.000000;
	  f near_plane = 0.100000;
		texture = Art\Bitmaps\Decals\b_d_for01-b.%img%;
	  f vertical_meters = 4.000000;
	}
	[t:decal,n:*]
	{
		decal_orientation = 0.000000,-1.000000,0.000000,0.000000,0.000000,-1.000000,1.000000,0.000000,0.000000;
		decal_origin = 3.469564,1.000000,-2.729060,0x092482F8;
	  f far_plane = 1.100000;
	  x guid = 0xA01B5B90;
	  f horizontal_meters = 4.000000;
	  f lod = 1.000000;
	  f near_plane = 0.100000;
		texture = Art\Bitmaps\Decals\b_d_for01-b.%img%;
	  f vertical_meters = 4.000000;
	}
	[t:decal,n:*]
	{
		decal_orientation = 0.000000,-1.000000,0.000000,0.000000,0.000000,-1.000000,1.000000,0.000000,0.000000;
		decal_origin = -3.136374,1.000000,-0.437460,0x7E7C8EB0;
	  f far_plane = 1.100000;
	  x guid = 0x6C128005;
	  f horizontal_meters = 4.000000;
	  f lod = 1.000000;
	  f near_plane = 0.100000;
		texture = Art\Bitmaps\Decals\b_d_for01-b.%img%;
	  f vertical_meters = 4.000000;
	}
	[t:decal,n:*]
	{
		decal_orientation = 0.000000,-1.000000,0.000000,0.000000,0.000000,-1.000000,1.000000,0.000000,0.000000;
		decal_origin = -1.532734,1.000000,-0.382668,0x7E7C8EB0;
	  f far_plane = 1.100000;
	  x guid = 0x7E7095A7;
	  f horizontal_meters = 4.000000;
	  f lod = 1.000000;
	  f near_plane = 0.100000;
		texture = Art\Bitmaps\Decals\b_d_for01-b.%img%;
	  f vertical_meters = 4.000000;
	}
	[t:decal,n:*]
	{
		decal_orientation = 0.000000,-1.000000,0.000000,0.000000,0.000000,-1.000000,1.000000,0.000000,0.000000;
		decal_origin = -0.120597,1.000000,-0.439182,0x7E7C8EB0;
	  f far_plane = 1.100000;
	  x guid = 0x22B1A40E;
	  f horizontal_meters = 4.000000;
	  f lod = 1.000000;
	  f near_plane = 0.100000;
		texture = Art\Bitmaps\Decals\b_d_for01-b.%img%;
	  f vertical_meters = 4.000000;
	}
	[t:decal,n:*]
	{
		decal_orientation = 0.000000,-1.000000,0.000000,0.000000,0.000000,-1.000000,1.000000,0.000000,0.000000;
		decal_origin = 1.683332,1.000000,-0.332332,0x7E7C8EB0;
	  f far_plane = 1.100000;
	  x guid = 0xCD2F54C6;
	  f horizontal_meters = 4.000000;
	  f lod = 1.000000;
	  f near_plane = 0.100000;
		texture = Art\Bitmaps\Decals\b_d_for01-b.%img%;
	  f vertical_meters = 4.000000;
	}
	[t:decal,n:*]
	{
		decal_orientation = 0.000000,-1.000000,0.000000,0.000000,0.000000,-1.000000,1.000000,0.000000,0.000000;
		decal_origin = 3.804856,1.000000,-0.117254,0x7E7C8EB0;
	  f far_plane = 1.100000;
	  x guid = 0x7E6592B6;
	  f horizontal_meters = 4.000000;
	  f lod = 1.000000;
	  f near_plane = 0.100000;
		texture = Art\Bitmaps\Decals\b_d_for01-b.%img%;
	  f vertical_meters = 4.000000;
	}
	[t:decal,n:*]
	{
		decal_orientation = 0.000000,-1.000000,0.000000,0.000000,0.000000,-1.000000,1.000000,0.000000,0.000000;
		decal_origin = -1.015388,1.000000,-1.828324,0xF3811182;
	  f far_plane = 1.100000;
	  x guid = 0x0346AD50;
	  f horizontal_meters = 4.000000;
	  f lod = 1.000000;
	  f near_plane = 0.100000;
		texture = Art\Bitmaps\Decals\b_d_for01-b.%img%;
	  f vertical_meters = 4.000000;
	}
	[t:decal,n:*]
	{
		decal_orientation = 0.000000,-1.000000,0.000000,0.000000,0.000000,-1.000000,1.000000,0.000000,0.000000;
		decal_origin = 3.409881,1.000000,-1.416756,0xF3811182;
	  f far_plane = 1.100000;
	  x guid = 0x31496A1A;
	  f horizontal_meters = 4.000000;
	  f lod = 1.000000;
	  f near_plane = 0.100000;
		texture = Art\Bitmaps\Decals\b_d_for01-b.%img%;
	  f vertical_meters = 4.000000;
	}
	[t:decal,n:*]
	{
		decal_orientation = 0.000000,-1.000000,0.000000,0.000000,0.000000,-1.000000,1.000000,0.000000,0.000000;
		decal_origin = -3.151701,1.000000,3.994761,0x59F42856;
	  f far_plane = 1.100000;
	  x guid = 0x4E2EEF59;
	  f horizontal_meters = 4.000000;
	  f lod = 1.000000;
	  f near_plane = 0.100000;
		texture = Art\Bitmaps\Decals\b_d_for01-b.%img%;
	  f vertical_meters = 4.000000;
	}
	[t:decal,n:*]
	{
		decal_orientation = 0.000000,-1.000000,0.000000,0.000000,0.000000,-1.000000,1.000000,0.000000,0.000000;
		decal_origin = 0.965878,1.000000,3.975568,0x59F42856;
	  f far_plane = 1.100000;
	  x guid = 0x81ECD472;
	  f horizontal_meters = 4.000000;
	  f lod = 1.000000;
	  f near_plane = 0.100000;
		texture = Art\Bitmaps\Decals\b_d_for01-b.%img%;
	  f vertical_meters = 4.000000;
	}
	[t:decal,n:*]
	{
		decal_orientation = 0.000000,-1.000000,0.000000,0.000000,0.000000,-1.000000,1.000000,0.000000,0.000000;
		decal_origin = -3.199883,1.000000,-2.188033,0xF395688E;
	  f far_plane = 1.100000;
	  x guid = 0xE081F84B;
	  f horizontal_meters = 4.000000;
	  f lod = 1.000000;
	  f near_plane = 0.100000;
		texture = Art\Bitmaps\Decals\b_d_for01-b.%img%;
	  f vertical_meters = 4.000000;
	}
	[t:decal,n:*]
	{
		decal_orientation = 0.000000,-1.000000,0.000000,0.000000,0.000000,-1.000000,1.000000,0.000000,0.000000;
		decal_origin = -2.019493,1.000000,-1.367240,0xF395688E;
	  f far_plane = 1.100000;
	  x guid = 0x9380A9EA;
	  f horizontal_meters = 4.000000;
	  f lod = 1.000000;
	  f near_plane = 0.100000;
		texture = Art\Bitmaps\Decals\b_d_for01-b.%img%;
	  f vertical_meters = 4.000000;
	}
	[t:decal,n:*]
	{
		decal_orientation = 0.000000,-1.000000,0.000000,0.000000,0.000000,-1.000000,1.000000,0.000000,0.000000;
		decal_origin = -0.905353,1.000000,-0.287861,0xF395688E;
	  f far_plane = 1.100000;
	  x guid = 0x445E6E65;
	  f horizontal_meters = 4.000000;
	  f lod = 1.000000;
	  f near_plane = 0.100000;
		texture = Art\Bitmaps\Decals\b_d_for01-b.%img%;
	  f vertical_meters = 4.000000;
	}
	[t:decal,n:*]
	{
		decal_orientation = 0.000000,-1.000000,0.000000,0.000000,0.000000,-1.000000,1.000000,0.000000,0.000000;
		decal_origin = 0.316708,1.000000,0.817519,0xF395688E;
	  f far_plane = 1.100000;
	  x guid = 0xBB84DFD5;
	  f horizontal_meters = 4.000000;
	  f lod = 1.000000;
	  f near_plane = 0.100000;
		texture = Art\Bitmaps\Decals\b_d_for01-b.%img%;
	  f vertical_meters = 4.000000;
	}
	[t:decal,n:*]
	{
		decal_orientation = 0.000000,-1.000000,0.000000,0.000000,0.000000,-1.000000,1.000000,0.000000,0.000000;
		decal_origin = 1.716386,1.000000,2.115403,0xF395688E;
	  f far_plane = 1.100000;
	  x guid = 0x3F04B4C9;
	  f horizontal_meters = 4.000000;
	  f lod = 1.000000;
	  f near_plane = 0.100000;
		texture = Art\Bitmaps\Decals\b_d_for01-b.%img%;
	  f vertical_meters = 4.000000;
	}
	[t:decal,n:*]
	{
		decal_orientation = 0.000000,-1.000000,0.000000,0.000000,0.000000,-1.000000,1.000000,0.000000,0.000000;
		decal_origin = 2.952539,1.000000,3.840826,0xF395688E;
	  f far_plane = 1.100000;
	  x guid = 0xBE23DB78;
	  f horizontal_meters = 4.000000;
	  f lod = 1.000000;
	  f near_plane = 0.100000;
		texture = Art\Bitmaps\Decals\b_d_for01-b.%img%;
	  f vertical_meters = 4.000000;
	}
	[t:decal,n:*]
	{
		decal_orientation = 0.000000,0.999992,0.003918,0.000000,0.003918,-0.999992,-1.000000,0.000000,0.000000;
		decal_origin = -13.910066,6.600357,-28.720694,0x11716562;
	  f far_plane = 1.100000;
	  x guid = 0xAC8F343E;
	  f horizontal_meters = 4.000000;
	  f lod = 1.000000;
	  f near_plane = 0.100000;
		texture = Art\Bitmaps\Decals\b_d_for01-b.%img%;
	  f vertical_meters = 4.000000;
	}
	[t:decal,n:*]
	{
		decal_orientation = 0.000000,-0.997483,-0.070903,0.000000,0.070903,-0.997483,1.000000,0.000000,0.000000;
		decal_origin = -12.253922,6.478410,-27.063875,0x11716562;
	  f far_plane = 1.100000;
	  x guid = 0x47B65A68;
	  f horizontal_meters = 4.000000;
	  f lod = 1.000000;
	  f near_plane = 0.100000;
		texture = Art\Bitmaps\Decals\b_d_for01-b.%img%;
	  f vertical_meters = 4.000000;
	}
	[t:decal,n:*]
	{
		decal_orientation = 0.216930,0.886527,0.408669,0.000000,0.418638,-0.908153,-0.976187,0.197006,0.090815;
		decal_origin = -11.149092,6.915363,-26.265093,0x11716562;
	  f far_plane = 1.100000;
	  x guid = 0xD2D67426;
	  f horizontal_meters = 4.000000;
	  f lod = 1.000000;
	  f near_plane = 0.100000;
		texture = Art\Bitmaps\Decals\b_d_for01-b.%img%;
	  f vertical_meters = 4.000000;
	}
	[t:decal,n:*]
	{
		decal_orientation = -0.216930,0.886527,0.408669,0.000000,0.418638,-0.908153,-0.976187,-0.197006,-0.090815;
		decal_origin = -10.666359,7.075943,-25.168413,0x11716562;
	  f far_plane = 1.100000;
	  x guid = 0x394F64D3;
	  f horizontal_meters = 4.000000;
	  f lod = 1.000000;
	  f near_plane = 0.100000;
		texture = Art\Bitmaps\Decals\b_d_for01-b.%img%;
	  f vertical_meters = 4.000000;
	}
	[t:decal,n:*]
	{
		decal_orientation = -0.987594,-0.132453,-0.084349,0.000000,0.537149,-0.843488,0.157030,-0.833023,-0.530485;
		decal_origin = -9.741507,6.516259,-22.725931,0x11716562;
	  f far_plane = 1.100000;
	  x guid = 0xA1F9D4A9;
	  f horizontal_meters = 4.000000;
	  f lod = 1.000000;
	  f near_plane = 0.100000;
		texture = Art\Bitmaps\Decals\b_d_for01-b.%img%;
	  f vertical_meters = 4.000000;
	}
	[t:decal,n:*]
	{
		decal_orientation = -0.406138,-0.887311,-0.218475,0.000000,0.239081,-0.971000,0.913812,-0.394360,-0.097100;
		decal_origin = -9.374766,7.115855,-24.688267,0x11716562;
	  f far_plane = 1.100000;
	  x guid = 0x552D5899;
	  f horizontal_meters = 4.000000;
	  f lod = 1.000000;
	  f near_plane = 0.100000;
		texture = Art\Bitmaps\Decals\b_d_for01-b.%img%;
	  f vertical_meters = 4.000000;
	}
	[t:decal,n:*]
	{
		decal_orientation = 0.406138,-0.887311,-0.218475,0.000000,0.239081,-0.971000,0.913812,0.394360,0.097100;
		decal_origin = -9.373642,7.217742,-26.290331,0x11716562;
	  f far_plane = 1.100000;
	  x guid = 0x489767EE;
	  f horizontal_meters = 4.000000;
	  f lod = 1.000000;
	  f near_plane = 0.100000;
		texture = Art\Bitmaps\Decals\b_d_for01-b.%img%;
	  f vertical_meters = 4.000000;
	}
	[t:decal,n:*]
	{
		decal_orientation = -0.987594,-0.132453,-0.084349,0.000000,0.537149,-0.843488,0.157030,-0.833023,-0.530485;
		decal_origin = -8.660538,5.654046,-21.526865,0x11716562;
	  f far_plane = 1.100000;
	  x guid = 0xE5382E0D;
	  f horizontal_meters = 4.000000;
	  f lod = 1.000000;
	  f near_plane = 0.100000;
		texture = Art\Bitmaps\Decals\b_d_for01-b.%img%;
	  f vertical_meters = 4.000000;
	}
	[t:decal,n:*]
	{
		decal_orientation = -0.913113,-0.356957,-0.196993,0.000000,0.483174,-0.875524,0.407706,-0.799453,-0.441192;
		decal_origin = -8.280670,6.280886,-22.745285,0x11716562;
	  f far_plane = 1.100000;
	  x guid = 0x38A614C5;
	  f horizontal_meters = 4.000000;
	  f lod = 1.000000;
	  f near_plane = 0.100000;
		texture = Art\Bitmaps\Decals\b_d_for01-b.%img%;
	  f vertical_meters = 4.000000;
	}
	[t:decal,n:*]
	{
		decal_orientation = -1.000000,0.000000,0.000000,0.000000,0.000012,-1.000000,0.000000,-1.000000,-0.000012;
		decal_origin = -1.268089,6.600033,-53.888035,0x06703E01;
	  f far_plane = 1.100000;
	  x guid = 0x5372B2C3;
	  f horizontal_meters = 4.000000;
	  f lod = 1.000000;
	  f near_plane = 0.100000;
		texture = Art\Bitmaps\Decals\b_d_for01-b.%img%;
	  f vertical_meters = 4.000000;
	}
	[t:decal,n:*]
	{
		decal_orientation = 0.153337,0.988174,0.000014,0.000000,0.000014,-1.000000,-0.988174,0.153337,0.000002;
		decal_origin = -0.564082,6.600033,-53.169041,0x06703E01;
	  f far_plane = 1.100000;
	  x guid = 0x7C8F61AD;
	  f horizontal_meters = 4.000000;
	  f lod = 1.000000;
	  f near_plane = 0.100000;
		texture = Art\Bitmaps\Decals\b_d_for01-b.%img%;
	  f vertical_meters = 4.000000;
	}
	[t:decal,n:*]
	{
		decal_orientation = 1.000000,0.000033,0.000006,0.000000,0.170021,-0.985440,-0.000033,0.985440,0.170021;
		decal_origin = 0.985529,6.676579,-51.642044,0x06703E01;
	  f far_plane = 1.100000;
	  x guid = 0x87760F7C;
	  f horizontal_meters = 4.000000;
	  f lod = 1.000000;
	  f near_plane = 0.100000;
		texture = Art\Bitmaps\Decals\b_d_for01-b.%img%;
	  f vertical_meters = 4.000000;
	}
	[t:decal,n:*]
	{
		decal_orientation = 1.000000,0.000033,0.000006,0.000000,0.170021,-0.985440,-0.000033,0.985440,0.170021;
		decal_origin = 0.047796,6.829232,-50.757267,0x06703E01;
	  f far_plane = 1.100000;
	  x guid = 0x21301347;
	  f horizontal_meters = 4.000000;
	  f lod = 1.000000;
	  f near_plane = 0.100000;
		texture = Art\Bitmaps\Decals\b_d_for01-b.%img%;
	  f vertical_meters = 4.000000;
	}
	[t:decal,n:*]
	{
		decal_orientation = 1.000000,0.000124,0.000004,0.000000,0.028855,-0.999584,-0.000124,0.999584,0.028855;
		decal_origin = 2.023039,6.946617,-49.964371,0x06703E01;
	  f far_plane = 1.100000;
	  x guid = 0xD0FD3309;
	  f horizontal_meters = 4.000000;
	  f lod = 1.000000;
	  f near_plane = 0.100000;
		texture = Art\Bitmaps\Decals\b_d_for01-b.%img%;
	  f vertical_meters = 4.000000;
	}
	[t:decal,n:*]
	{
		decal_orientation = -0.000248,-0.999583,-0.028859,0.000000,0.028859,-0.999583,1.000000,-0.000248,-0.000007;
		decal_origin = 3.714329,6.953834,-48.133480,0x06703E01;
	  f far_plane = 1.100000;
	  x guid = 0xCEE6EBFF;
	  f horizontal_meters = 4.000000;
	  f lod = 1.000000;
	  f near_plane = 0.100000;
		texture = Art\Bitmaps\Decals\b_d_for01-b.%img%;
	  f vertical_meters = 4.000000;
	}
	[t:decal,n:*]
	{
		decal_orientation = 1.000000,0.000020,0.000004,0.000000,0.170049,-0.985436,-0.000021,0.985436,0.170049;
		decal_origin = 2.704991,6.743362,-51.255161,0x06703E01;
	  f far_plane = 1.100000;
	  x guid = 0xE5B0F54F;
	  f horizontal_meters = 4.000000;
	  f lod = 1.000000;
	  f near_plane = 0.100000;
		texture = Art\Bitmaps\Decals\b_d_for01-b.%img%;
	  f vertical_meters = 4.000000;
	}
	[t:decal,n:*]
	{
		decal_orientation = 1.000000,0.000017,0.000010,0.000000,0.500046,-0.865999,-0.000019,0.865999,0.500046;
		decal_origin = 5.496166,7.587442,-47.155689,0x06703E01;
	  f far_plane = 1.100000;
	  x guid = 0x87783EE3;
	  f horizontal_meters = 4.000000;
	  f lod = 1.000000;
	  f near_plane = 0.100000;
		texture = Art\Bitmaps\Decals\b_d_for01-b.%img%;
	  f vertical_meters = 4.000000;
	}
	[t:decal,n:*]
	{
		decal_orientation = -1.000000,0.000032,0.000011,0.000000,0.315027,-0.949083,-0.000034,-0.949083,-0.315027;
		decal_origin = 5.732369,7.957696,-45.409580,0x06703E01;
	  f far_plane = 1.100000;
	  x guid = 0x2522AC0C;
	  f horizontal_meters = 4.000000;
	  f lod = 1.000000;
	  f near_plane = 0.100000;
		texture = Art\Bitmaps\Decals\b_d_for01-b.%img%;
	  f vertical_meters = 4.000000;
	}
	[t:decal,n:*]
	{
		decal_orientation = -1.000000,0.000032,0.000011,0.000000,0.315027,-0.949083,-0.000034,-0.949083,-0.315027;
		decal_origin = 5.492997,7.662736,-44.520962,0x06703E01;
	  f far_plane = 1.100000;
	  x guid = 0x68AF4091;
	  f horizontal_meters = 4.000000;
	  f lod = 1.000000;
	  f near_plane = 0.100000;
		texture = Art\Bitmaps\Decals\b_d_for01-b.%img%;
	  f vertical_meters = 4.000000;
	}
	[t:decal,n:*]
	{
		decal_orientation = -0.243841,0.907124,0.343026,0.000000,0.353703,-0.935358,-0.969815,-0.228079,-0.086247;
		decal_origin = 5.109729,7.116770,-43.327274,0x06703E01;
	  f far_plane = 1.100000;
	  x guid = 0x3B027613;
	  f horizontal_meters = 4.000000;
	  f lod = 1.000000;
	  f near_plane = 0.100000;
		texture = Art\Bitmaps\Decals\b_d_for01-b.%img%;
	  f vertical_meters = 4.000000;
	}
	[t:decal,n:*]
	{
		decal_orientation = -0.908693,0.345905,0.233724,0.000000,0.559865,-0.828584,-0.417466,-0.752928,-0.508745;
		decal_origin = 4.619220,7.351125,-44.158882,0x06703E01;
	  f far_plane = 1.100000;
	  x guid = 0xB28958B2;
	  f horizontal_meters = 4.000000;
	  f lod = 1.000000;
	  f near_plane = 0.100000;
		texture = Art\Bitmaps\Decals\b_d_for01-b.%img%;
	  f vertical_meters = 4.000000;
	}
	[t:decal,n:*]
	{
		decal_orientation = -0.680788,-0.658393,-0.321009,0.000000,0.438249,-0.898854,0.732481,-0.611929,-0.298354;
		decal_origin = 6.735443,7.593266,-44.925564,0x06703E01;
	  f far_plane = 1.100000;
	  x guid = 0x837D9E6C;
	  f horizontal_meters = 4.000000;
	  f lod = 1.000000;
	  f near_plane = 0.100000;
		texture = Art\Bitmaps\Decals\b_d_for01-b.%img%;
	  f vertical_meters = 4.000000;
	}
	[t:decal,n:*]
	{
		decal_orientation = 0.850476,-0.435189,-0.295467,0.000000,0.561710,-0.827334,0.526013,0.703628,0.477721;
		decal_origin = 6.546282,7.516284,-47.034504,0x06703E01;
	  f far_plane = 1.100000;
	  x guid = 0x464123CD;
	  f horizontal_meters = 4.000000;
	  f lod = 1.000000;
	  f near_plane = 0.100000;
		texture = Art\Bitmaps\Decals\b_d_for01-b.%img%;
	  f vertical_meters = 4.000000;
	}
	[t:decal,n:*]
	{
		decal_orientation = -0.369421,0.864384,0.341129,0.000000,0.367096,-0.930183,-0.929262,-0.343629,-0.135613;
		decal_origin = 5.344210,6.989162,-41.333611,0x06703E01;
	  f far_plane = 1.100000;
	  x guid = 0x6D34CFD0;
	  f horizontal_meters = 4.000000;
	  f lod = 1.000000;
	  f near_plane = 0.100000;
		texture = Art\Bitmaps\Decals\b_d_for01-b.%img%;
	  f vertical_meters = 4.000000;
	}
	[t:decal,n:*]
	{
		decal_orientation = -0.369421,0.864384,0.341129,0.000000,0.367096,-0.930183,-0.929262,-0.343629,-0.135613;
		decal_origin = 5.515723,6.884460,-40.184006,0x06703E01;
	  f far_plane = 1.100000;
	  x guid = 0x4D812CF1;
	  f horizontal_meters = 4.000000;
	  f lod = 1.000000;
	  f near_plane = 0.100000;
		texture = Art\Bitmaps\Decals\b_d_for01-b.%img%;
	  f vertical_meters = 4.000000;
	}
	[t:decal,n:*]
	{
		decal_orientation = -0.095344,0.750262,0.654229,0.000000,0.657223,-0.753696,-0.995444,-0.071860,-0.062662;
		decal_origin = 5.272124,6.587432,-39.185295,0x06703E01;
	  f far_plane = 1.100000;
	  x guid = 0xAF6CF451;
	  f horizontal_meters = 4.000000;
	  f lod = 1.000000;
	  f near_plane = 0.100000;
		texture = Art\Bitmaps\Decals\b_d_for01-b.%img%;
	  f vertical_meters = 4.000000;
	}
	[t:decal,n:*]
	{
		decal_orientation = -0.437338,0.727700,0.528382,0.000000,0.587551,-0.809187,-0.899297,-0.353889,-0.256958;
		decal_origin = 5.585600,6.664443,-37.701870,0x06703E01;
	  f far_plane = 1.100000;
	  x guid = 0x1D80B457;
	  f horizontal_meters = 4.000000;
	  f lod = 1.000000;
	  f near_plane = 0.100000;
		texture = Art\Bitmaps\Decals\b_d_for01-b.%img%;
	  f vertical_meters = 4.000000;
	}
	[t:decal,n:*]
	{
		decal_orientation = -0.499434,0.829380,0.250390,0.000000,0.289017,-0.957324,-0.866352,-0.478120,-0.144345;
		decal_origin = 6.183814,6.175593,-35.496891,0x06703E01;
	  f far_plane = 1.100000;
	  x guid = 0x55C7B7A4;
	  f horizontal_meters = 4.000000;
	  f lod = 1.000000;
	  f near_plane = 0.100000;
		texture = Art\Bitmaps\Decals\b_d_for01-b.%img%;
	  f vertical_meters = 4.000000;
	}
	[t:decal,n:*]
	{
		decal_orientation = -0.426931,0.880878,0.204413,0.000000,0.226050,-0.974116,-0.904284,-0.415880,-0.096508;
		decal_origin = 6.399607,6.065901,-33.947773,0x06703E01;
	  f far_plane = 1.100000;
	  x guid = 0xB1B7D27E;
	  f horizontal_meters = 4.000000;
	  f lod = 1.000000;
	  f near_plane = 0.100000;
		texture = Art\Bitmaps\Decals\b_d_for01-b.%img%;
	  f vertical_meters = 4.000000;
	}
	[t:decal,n:*]
	{
		decal_orientation = -0.350224,0.743102,0.570212,0.000000,0.608768,-0.793348,-0.936666,-0.277850,-0.213205;
		decal_origin = 6.239683,5.430098,-31.774866,0x06703E01;
	  f far_plane = 1.100000;
	  x guid = 0x8EEF52BB;
	  f horizontal_meters = 4.000000;
	  f lod = 1.000000;
	  f near_plane = 0.100000;
		texture = Art\Bitmaps\Decals\b_d_for01-b.%img%;
	  f vertical_meters = 4.000000;
	}
	[t:decal,n:*]
	{
