[decals]
{
	[t:decal,n:*]
	{
		decal_orientation = 0.980581,-0.190037,-0.048450,0.000000,0.247048,-0.969003,0.196116,0.950186,0.242251;
		decal_origin = 2.999452,-5.030349,-2.049456,0x3C0E938C;
	  f far_plane = 1.100000;
	  x guid = 0xAD56405D;
	  f horizontal_meters = 4.000000;
	  f lod = 1.000000;
	  f near_plane = 0.100000;
		texture = Art\Bitmaps\Decals\b_d_seaweed-02.%img%;
	  f vertical_meters = 4.000000;
	}
	[t:decal,n:*]
	{
		decal_orientation = 1.000000,0.000000,0.000000,0.000000,0.274722,-0.961524,0.000000,0.961524,0.274722;
		decal_origin = -2.396966,-5.034708,-2.261535,0x3C0E938C;
	  f far_plane = 1.100000;
	  x guid = 0x0FE9F6F0;
	  f horizontal_meters = 4.000000;
	  f lod = 1.000000;
	  f near_plane = 0.100000;
		texture = Art\Bitmaps\Decals\b_d_seaweed-02.%img%;
	  f vertical_meters = 4.000000;
	}
	[t:decal,n:*]
	{
		decal_orientation = 0.602407,-0.788317,-0.125151,0.000000,0.156794,-0.987631,0.798189,0.594956,0.094454;
		decal_origin = -1.757711,-4.963446,-1.427678,0x3C0E938C;
	  f far_plane = 1.100000;
	  x guid = 0x51C0772B;
	  f horizontal_meters = 4.000000;
	  f lod = 1.000000;
	  f near_plane = 0.100000;
		texture = Art\Bitmaps\Decals\b_d_seaweed-02.%img%;
	  f vertical_meters = 4.000000;
	}
	[t:decal,n:*]
	{
		decal_orientation = 0.000000,-1.000000,0.000000,0.000000,0.000000,-1.000000,1.000000,0.000000,0.000000;
		decal_origin = -1.296622,1.000000,-1.968170,0xCEEC09BF;
	  f far_plane = 1.100000;
	  x guid = 0x5A932CDB;
	  f horizontal_meters = 4.000000;
	  f lod = 1.000000;
	  f near_plane = 0.100000;
		texture = Art\Bitmaps\Decals\b_d_seaweed-02.%img%;
	  f vertical_meters = 4.000000;
	}
	[t:decal,n:*]
	{
		decal_orientation = 0.000000,-1.000000,0.000000,0.000000,0.000000,-1.000000,1.000000,0.000000,0.000000;
		decal_origin = 0.269543,1.000001,-1.705322,0xCEEC09BF;
	  f far_plane = 1.100000;
	  x guid = 0xFCAE9831;
	  f horizontal_meters = 4.000000;
	  f lod = 1.000000;
	  f near_plane = 0.100000;
		texture = Art\Bitmaps\Decals\b_d_seaweed-02.%img%;
	  f vertical_meters = 4.000000;
	}
	[t:decal,n:*]
	{
		decal_orientation = -0.000000,1.000000,-0.000000,0.000000,-0.000000,-1.000000,-1.000000,-0.000000,0.000000;
		decal_origin = 2.989691,1.000000,0.255418,0xCEEC09BF;
	  f far_plane = 1.100000;
	  x guid = 0xCB8009B8;
	  f horizontal_meters = 4.000000;
	  f lod = 1.000000;
	  f near_plane = 0.100000;
		texture = Art\Bitmaps\Decals\b_d_seaweed-02.%img%;
	  f vertical_meters = 4.000000;
	}
	[t:decal,n:*]
	{
		decal_orientation = 1.000000,0.000000,0.000000,0.000000,0.000000,-1.000000,-0.000000,1.000000,0.000000;
		decal_origin = 0.096143,1.000000,0.368813,0xCEEC09BF;
	  f far_plane = 1.100000;
	  x guid = 0x7751B6C8;
	  f horizontal_meters = 4.000000;
	  f lod = 1.000000;
	  f near_plane = 0.100000;
		texture = Art\Bitmaps\Decals\b_d_seaweed-02.%img%;
	  f vertical_meters = 4.000000;
	}
	[t:decal,n:*]
	{
		decal_orientation = 0.000000,-1.000000,0.000000,0.000000,0.000000,-1.000000,1.000000,0.000000,0.000000;
		decal_origin = 7.847296,5.000000,0.698771,0x60B397F9;
	  f far_plane = 1.100000;
	  x guid = 0xFBBC0343;
	  f horizontal_meters = 4.000000;
	  f lod = 1.000000;
	  f near_plane = 0.100000;
		texture = Art\Bitmaps\Decals\b_d_lakeshore-gravel-a.%img%;
	  f vertical_meters = 4.000000;
	}
	[t:decal,n:*]
	{
		decal_orientation = 0.000000,-1.000000,0.000000,0.000000,0.000000,-1.000000,1.000000,0.000000,0.000000;
		decal_origin = 4.628689,5.000000,2.856830,0x60B397F9;
	  f far_plane = 1.100000;
	  x guid = 0x75530EA0;
	  f horizontal_meters = 4.000000;
	  f lod = 1.000000;
	  f near_plane = 0.100000;
		texture = Art\Bitmaps\Decals\b_d_lakeshore-gravel-a.%img%;
	  f vertical_meters = 4.000000;
	}
	[t:decal,n:*]
	{
		decal_orientation = 0.985212,0.154084,0.074940,0.000000,0.437373,-0.899280,-0.171341,0.885981,0.430905;
		decal_origin = 5.815454,4.762046,1.458294,0x60B397F9;
	  f far_plane = 1.100000;
	  x guid = 0x791328A0;
	  f horizontal_meters = 4.000000;
	  f lod = 1.000000;
	  f near_plane = 0.100000;
		texture = Art\Bitmaps\Decals\b_d_lakeshore-gravel-a.%img%;
	  f vertical_meters = 4.000000;
	}
	[t:decal,n:*]
	{
		decal_orientation = 0.000000,0.924017,0.382352,0.000000,0.382352,-0.924017,-1.000000,0.000000,0.000000;
		decal_origin = 5.843804,4.645182,0.708522,0x60B397F9;
	  f far_plane = 1.100000;
	  x guid = 0x34B0B200;
	  f horizontal_meters = 4.000000;
	  f lod = 1.000000;
	  f near_plane = 0.100000;
		texture = Art\Bitmaps\Decals\b_d_lakeshore-gravel-a.%img%;
	  f vertical_meters = 4.000000;
	}
	[t:decal,n:*]
	{
		decal_orientation = 0.600000,0.678399,0.423999,0.000000,0.529999,-0.847998,-0.800000,0.508799,0.317999;
		decal_origin = 2.725645,3.330710,-0.030298,0x60B397F9;
	  f far_plane = 1.100000;
	  x guid = 0xB098BDDF;
	  f horizontal_meters = 4.000000;
	  f lod = 1.000000;
	  f near_plane = 0.100000;
		texture = Art\Bitmaps\Decals\b_d_lakeshore-gravel-a.%img%;
	  f vertical_meters = 4.000000;
	}
	[t:decal,n:*]
	{
		decal_orientation = 0.999056,-0.014664,-0.040887,0.000000,0.941296,-0.337582,0.043437,0.337264,0.940408;
		decal_origin = 0.170313,1.910588,0.993993,0x60B397F9;
	  f far_plane = 1.100000;
	  x guid = 0x7CA38644;
	  f horizontal_meters = 4.000000;
	  f lod = 1.000000;
	  f near_plane = 0.100000;
		texture = Art\Bitmaps\Decals\b_d_lakeshore-gravel-a.%img%;
	  f vertical_meters = 4.000000;
	}
	[t:decal,n:*]
	{
		decal_orientation = -0.002793,0.762559,0.646913,0.000000,0.646915,-0.762562,-0.999996,-0.002130,-0.001807;
		decal_origin = 1.443621,2.635433,1.661678,0x60B397F9;
	  f far_plane = 1.100000;
	  x guid = 0xAF93496E;
	  f horizontal_meters = 4.000000;
	  f lod = 1.000000;
	  f near_plane = 0.100000;
		texture = Art\Bitmaps\Decals\b_d_lakeshore-gravel-a.%img%;
	  f vertical_meters = 4.000000;
	}
	[t:decal,n:*]
	{
		decal_orientation = -0.002793,0.762559,0.646913,0.000000,0.646915,-0.762562,-0.999996,-0.002130,-0.001807;
		decal_origin = 3.016652,3.970139,1.559237,0x60B397F9;
	  f far_plane = 1.100000;
	  x guid = 0x05EB4997;
	  f horizontal_meters = 4.000000;
	  f lod = 1.000000;
	  f near_plane = 0.100000;
		texture = Art\Bitmaps\Decals\b_d_lakeshore-gravel-a.%img%;
	  f vertical_meters = 4.000000;
	}
	[t:decal,n:*]
	{
		decal_orientation = 0.593199,0.654825,0.468316,0.000000,0.581718,-0.813390,-0.805056,0.482502,0.345075;
		decal_origin = -6.139064,-2.449606,-2.176124,0x60B397F9;
	  f far_plane = 1.100000;
	  x guid = 0x42C6A89F;
	  f horizontal_meters = 4.000000;
	  f lod = 1.000000;
	  f near_plane = 0.100000;
		texture = Art\Bitmaps\Decals\b_d_lakeshore-gravel-a.%img%;
	  f vertical_meters = 4.000000;
	}
	[t:decal,n:*]
	{
		decal_orientation = 0.867367,0.471334,0.159749,0.000000,0.320994,-0.947081,-0.497670,0.821467,0.278419;
		decal_origin = -7.644699,-2.940038,-2.189968,0x60B397F9;
	  f far_plane = 1.100000;
	  x guid = 0x3E1BF6FE;
	  f horizontal_meters = 4.000000;
	  f lod = 1.000000;
	  f near_plane = 0.100000;
		texture = Art\Bitmaps\Decals\b_d_lakeshore-gravel-a.%img%;
	  f vertical_meters = 4.000000;
	}
	[t:decal,n:*]
	{
		decal_orientation = 0.430472,0.837377,0.336887,0.000000,0.373239,-0.927735,-0.902604,0.399364,0.160669;
		decal_origin = -7.436124,-2.686625,0.177396,0x60B397F9;
	  f far_plane = 1.100000;
	  x guid = 0x932F56AA;
	  f horizontal_meters = 4.000000;
	  f lod = 1.000000;
	  f near_plane = 0.100000;
		texture = Art\Bitmaps\Decals\b_d_lakeshore-gravel-a.%img%;
	  f vertical_meters = 4.000000;
	}
	[t:decal,n:*]
	{
		decal_orientation = 0.277814,0.894817,0.349459,0.000000,0.363779,-0.931485,-0.960635,0.258780,0.101063;
		decal_origin = -5.890615,-2.199134,-0.590358,0x60B397F9;
	  f far_plane = 1.100000;
	  x guid = 0xCB654233;
	  f horizontal_meters = 4.000000;
	  f lod = 1.000000;
	  f near_plane = 0.100000;
		texture = Art\Bitmaps\Decals\b_d_lakeshore-gravel-a.%img%;
	  f vertical_meters = 4.000000;
	}
	[t:decal,n:*]
	{
		decal_orientation = 0.000000,0.777245,0.629198,0.000000,0.629198,-0.777245,-1.000000,0.000000,0.000000;
		decal_origin = -2.138681,-0.344719,-1.067644,0x60B397F9;
	  f far_plane = 1.100000;
	  x guid = 0x5B72762A;
	  f horizontal_meters = 4.000000;
	  f lod = 1.000000;
	  f near_plane = 0.100000;
		texture = Art\Bitmaps\Decals\b_d_lakeshore-gravel-a.%img%;
	  f vertical_meters = 4.000000;
	}
	[t:decal,n:*]
	{
		decal_orientation = 0.031933,0.754100,0.655983,0.000000,0.656317,-0.754485,-0.999490,0.024093,0.020958;
		decal_origin = 0.333452,1.658835,-0.633752,0x60B397F9;
	  f far_plane = 1.100000;
	  x guid = 0x43AF44D5;
	  f horizontal_meters = 4.000000;
	  f lod = 1.000000;
	  f near_plane = 0.100000;
		texture = Art\Bitmaps\Decals\b_d_lakeshore-gravel-a.%img%;
	  f vertical_meters = 4.000000;
	}
	[t:decal,n:*]
	{
		decal_orientation = 0.998274,-0.022632,-0.054185,0.000000,0.922743,-0.385415,0.058722,0.384750,0.921151;
		decal_origin = -3.409247,-0.525691,0.473886,0x60B397F9;
	  f far_plane = 1.100000;
	  x guid = 0xE6A81BE8;
	  f horizontal_meters = 4.000000;
	  f lod = 1.000000;
	  f near_plane = 0.100000;
		texture = Art\Bitmaps\Decals\b_d_lakeshore-gravel-a.%img%;
	  f vertical_meters = 4.000000;
	}
	[t:decal,n:*]
	{
		decal_orientation = 0.000000,-1.000000,0.000000,0.000000,0.000000,-1.000000,1.000000,0.000000,0.000000;
		decal_origin = 3.866148,1.000000,-0.625941,0x99302E73;
	  f far_plane = 1.100000;
	  x guid = 0xEBB3137C;
	  f horizontal_meters = 4.000000;
	  f lod = 1.000000;
	  f near_plane = 0.100000;
		texture = Art\Bitmaps\Decals\b_d_lakeshore-gravel-a.%img%;
	  f vertical_meters = 4.000000;
	}
	[t:decal,n:*]
	{
		decal_orientation = 0.000000,-1.000000,0.000000,0.000000,0.000000,-1.000000,1.000000,0.000000,0.000000;
		decal_origin = -3.980817,1.000000,-3.523342,0x2E2CD2A5;
	  f far_plane = 1.100000;
	  x guid = 0x28173B11;
	  f horizontal_meters = 4.000000;
	  f lod = 1.000000;
	  f near_plane = 0.100000;
		texture = Art\Bitmaps\Decals\b_d_lakeshore-gravel-a.%img%;
	  f vertical_meters = 4.000000;
	}
	[t:decal,n:*]
	{
		decal_orientation = 1.000000,0.000000,0.000000,0.000000,0.743294,-0.668965,0.000000,0.668965,0.743294;
		decal_origin = -3.395412,-2.486587,-1.683296,0x9AAE9D1E;
	  f far_plane = 1.100000;
	  x guid = 0x75600AB7;
	  f horizontal_meters = 4.000000;
	  f lod = 1.000000;
	  f near_plane = 0.100000;
		texture = Art\Bitmaps\Decals\b_d_lakeshore-gravel-a.%img%;
	  f vertical_meters = 4.000000;
	}
	[t:decal,n:*]
	{
		decal_orientation = 0.939178,-0.144784,-0.311420,0.000000,0.906790,-0.421582,0.343431,0.395940,0.851638;
		decal_origin = -2.797738,-0.894191,-1.077224,0x9AAE9D1E;
	  f far_plane = 1.100000;
	  x guid = 0xDAB54EDA;
	  f horizontal_meters = 4.000000;
	  f lod = 1.000000;
	  f near_plane = 0.100000;
		texture = Art\Bitmaps\Decals\b_d_lakeshore-gravel-a.%img%;
	  f vertical_meters = 4.000000;
	}
	[t:decal,n:*]
	{
		decal_orientation = 0.260988,-0.902806,-0.341800,0.000000,0.354071,-0.935218,0.965342,0.244081,0.092408;
		decal_origin = 7.605708,-2.789856,-0.032647,0xD9512A2E;
	  f far_plane = 1.100000;
	  x guid = 0x526B3640;
	  f horizontal_meters = 4.000000;
	  f lod = 1.000000;
	  f near_plane = 0.100000;
		texture = Art\Bitmaps\Decals\b_d_lakeshore-gravel-a.%img%;
	  f vertical_meters = 4.000000;
	}
	[t:decal,n:*]
	{
		decal_orientation = 0.999885,0.004593,0.014437,0.000000,0.952936,-0.303172,-0.015150,0.303137,0.952826;
		decal_origin = 7.041930,-1.494489,0.589494,0xD9512A2E;
	  f far_plane = 1.100000;
	  x guid = 0x52E96D6C;
	  f horizontal_meters = 4.000000;
	  f lod = 1.000000;
	  f near_plane = 0.100000;
		texture = Art\Bitmaps\Decals\b_d_lakeshore-gravel-a.%img%;
	  f vertical_meters = 4.000000;
	}
	[t:decal,n:*]
	{
		decal_orientation = 0.508453,-0.802352,-0.312580,0.000000,0.363005,-0.931787,0.861090,0.473770,0.184571;
		decal_origin = 5.426581,-1.910971,0.770061,0xD9512A2E;
	  f far_plane = 1.100000;
	  x guid = 0x45A8F057;
	  f horizontal_meters = 4.000000;
	  f lod = 1.000000;
	  f near_plane = 0.100000;
		texture = Art\Bitmaps\Decals\b_d_lakeshore-gravel-a.%img%;
	  f vertical_meters = 4.000000;
	}
	[t:decal,n:*]
	{
		decal_orientation = 0.096525,-0.915959,-0.389490,0.000000,0.391317,-0.920256,0.995331,0.088827,0.037772;
		decal_origin = 5.827125,-2.205736,-0.944047,0xD9512A2E;
	  f far_plane = 1.100000;
	  x guid = 0x068FA890;
	  f horizontal_meters = 4.000000;
	  f lod = 1.000000;
	  f near_plane = 0.100000;
		texture = Art\Bitmaps\Decals\b_d_lakeshore-gravel-a.%img%;
	  f vertical_meters = 4.000000;
	}
	[t:decal,n:*]
	{
		decal_orientation = 0.000000,-1.000000,0.000000,0.000000,0.000000,-1.000000,1.000000,0.000000,0.000000;
		decal_origin = 7.567250,-2.999996,-2.181033,0xD9512A2E;
	  f far_plane = 1.100000;
	  x guid = 0x8D693B29;
	  f horizontal_meters = 4.000000;
	  f lod = 1.000000;
	  f near_plane = 0.100000;
		texture = Art\Bitmaps\Decals\b_d_lakeshore-gravel-a.%img%;
	  f vertical_meters = 4.000000;
	}
	[t:decal,n:*]
	{
		decal_orientation = 0.000000,-1.000000,0.000000,0.000000,0.000000,-1.000000,1.000000,0.000000,0.000000;
		decal_origin = 6.995774,-2.999996,-3.543849,0xD9512A2E;
	  f far_plane = 1.100000;
	  x guid = 0x5D92FF61;
	  f horizontal_meters = 4.000000;
	  f lod = 1.000000;
	  f near_plane = 0.100000;
		texture = Art\Bitmaps\Decals\b_d_lakeshore-gravel-a.%img%;
	  f vertical_meters = 4.000000;
	}
	[t:decal,n:*]
	{
		decal_orientation = 0.995037,-0.008074,-0.099176,0.000000,0.996702,-0.081144,0.099504,0.080741,0.991756;
		decal_origin = 3.433038,-3.462374,-4.121020,0xD9512A2E;
	  f far_plane = 1.100000;
	  x guid = 0xE045016D;
	  f horizontal_meters = 4.000000;
	  f lod = 1.000000;
	  f near_plane = 0.100000;
		texture = Art\Bitmaps\Decals\b_d_lakeshore-gravel-a.%img%;
	  f vertical_meters = 4.000000;
	}
	[t:decal,n:*]
	{
		decal_orientation = 0.000000,-0.916157,-0.400819,0.000000,0.400819,-0.916157,1.000000,0.000000,0.000000;
		decal_origin = 2.981823,-0.894281,-0.453480,0xD9512A2E;
	  f far_plane = 1.100000;
	  x guid = 0x85E84C8E;
	  f horizontal_meters = 4.000000;
	  f lod = 1.000000;
	  f near_plane = 0.100000;
		texture = Art\Bitmaps\Decals\b_d_lakeshore-gravel-a.%img%;
	  f vertical_meters = 4.000000;
	}
	[t:decal,n:*]
	{
		decal_orientation = 0.998274,0.018762,0.055644,0.000000,0.947585,-0.319505,-0.058722,0.318953,0.945950;
		decal_origin = 3.469797,-0.986629,0.700008,0xD9512A2E;
	  f far_plane = 1.100000;
	  x guid = 0x590BB759;
	  f horizontal_meters = 4.000000;
	  f lod = 1.000000;
	  f near_plane = 0.100000;
		texture = Art\Bitmaps\Decals\b_d_lakeshore-gravel-a.%img%;
	  f vertical_meters = 4.000000;
	}
	[t:decal,n:*]
	{
		decal_orientation = 0.000000,-0.916157,-0.400819,0.000000,0.400819,-0.916157,1.000000,0.000000,0.000000;
		decal_origin = 2.843146,-0.833608,1.185266,0xD9512A2E;
	  f far_plane = 1.100000;
	  x guid = 0x1B3D4891;
	  f horizontal_meters = 4.000000;
	  f lod = 1.000000;
	  f near_plane = 0.100000;
		texture = Art\Bitmaps\Decals\b_d_lakeshore-gravel-a.%img%;
	  f vertical_meters = 4.000000;
	}
	[t:decal,n:*]
	{
		decal_orientation = 0.984554,-0.065050,-0.162549,0.000000,0.928416,-0.371541,0.175082,0.365802,0.914076;
		decal_origin = 2.331523,-0.477994,0.703228,0xD9512A2E;
	  f far_plane = 1.100000;
	  x guid = 0x24273CFF;
	  f horizontal_meters = 4.000000;
	  f lod = 1.000000;
	  f near_plane = 0.100000;
		texture = Art\Bitmaps\Decals\b_d_lakeshore-gravel-a.%img%;
	  f vertical_meters = 4.000000;
	}
	[t:decal,n:*]
	{
		decal_orientation = 0.080870,-0.889813,-0.449102,0.000000,0.450577,-0.892737,0.996725,0.072196,0.036438;
		decal_origin = -2.472368,3.123948,-0.678918,0xD9512A2E;
	  f far_plane = 1.100000;
	  x guid = 0xD66C21A9;
	  f horizontal_meters = 4.000000;
	  f lod = 1.000000;
	  f near_plane = 0.100000;
		texture = Art\Bitmaps\Decals\b_d_lakeshore-gravel-a.%img%;
	  f vertical_meters = 4.000000;
	}
	[t:decal,n:*]
	{
		decal_orientation = 0.046678,-0.751972,-0.657541,0.000000,0.658258,-0.752792,0.998910,0.035139,0.030726;
		decal_origin = -0.971244,2.189052,-0.848336,0xD9512A2E;
	  f far_plane = 1.100000;
	  x guid = 0x50489EA5;
	  f horizontal_meters = 4.000000;
	  f lod = 1.000000;
	  f near_plane = 0.100000;
		texture = Art\Bitmaps\Decals\b_d_lakeshore-gravel-a.%img%;
	  f vertical_meters = 4.000000;
	}
	[t:decal,n:*]
	{
		decal_orientation = 0.000000,-1.000000,0.000000,0.000000,0.000000,-1.000000,1.000000,0.000000,0.000000;
		decal_origin = -5.259829,5.000000,2.438887,0xD9512A2E;
	  f far_plane = 1.100000;
	  x guid = 0xF76597CA;
	  f horizontal_meters = 4.000000;
	  f lod = 1.000000;
	  f near_plane = 0.100000;
		texture = Art\Bitmaps\Decals\b_d_lakeshore-gravel-a.%img%;
	  f vertical_meters = 4.000000;
	}
	[t:decal,n:*]
	{
		decal_orientation = 0.000000,-1.000000,0.000000,0.000000,0.000000,-1.000000,1.000000,0.000000,0.000000;
		decal_origin = -6.609978,5.000002,3.101360,0xD9512A2E;
	  f far_plane = 1.100000;
	  x guid = 0xCE088309;
	  f horizontal_meters = 4.000000;
	  f lod = 1.000000;
	  f near_plane = 0.100000;
		texture = Art\Bitmaps\Decals\b_d_lakeshore-gravel-a.%img%;
	  f vertical_meters = 4.000000;
	}
	[t:decal,n:*]
	{
		decal_orientation = 0.000000,-1.000000,0.000000,0.000000,0.000000,-1.000000,1.000000,0.000000,0.000000;
		decal_origin = -7.211637,5.000000,1.471479,0xD9512A2E;
	  f far_plane = 1.100000;
	  x guid = 0x73F02178;
	  f horizontal_meters = 4.000000;
	  f lod = 1.000000;
	  f near_plane = 0.100000;
		texture = Art\Bitmaps\Decals\b_d_lakeshore-gravel-a.%img%;
	  f vertical_meters = 4.000000;
	}
	[t:decal,n:*]
	{
		decal_orientation = 0.000000,-0.924017,-0.382352,0.000000,0.382352,-0.924017,1.000000,0.000000,0.000000;
		decal_origin = -5.506573,4.505640,1.079725,0xD9512A2E;
	  f far_plane = 1.100000;
	  x guid = 0x1DD816DF;
	  f horizontal_meters = 4.000000;
	  f lod = 1.000000;
	  f near_plane = 0.100000;
		texture = Art\Bitmaps\Decals\b_d_lakeshore-gravel-a.%img%;
	  f vertical_meters = 4.000000;
	}
	[t:decal,n:*]
	{
		decal_orientation = 0.572181,-0.689727,-0.443718,0.000000,0.541035,-0.841000,0.820127,0.481205,0.309570;
		decal_origin = -3.578145,4.253216,1.322270,0xD9512A2E;
	  f far_plane = 1.100000;
	  x guid = 0xDF020ED2;
	  f horizontal_meters = 4.000000;
	  f lod = 1.000000;
	  f near_plane = 0.100000;
		texture = Art\Bitmaps\Decals\b_d_lakeshore-gravel-a.%img%;
	  f vertical_meters = 4.000000;
	}
	[t:decal,n:*]
	{
		decal_orientation = 0.000000,-1.000000,0.000000,0.000000,0.000000,-1.000000,1.000000,0.000000,0.000000;
		decal_origin = -1.993025,1.000000,1.273735,0xE356BDE8;
	  f far_plane = 1.100000;
	  x guid = 0xB55387D4;
	  f horizontal_meters = 4.000000;
	  f lod = 1.000000;
	  f near_plane = 0.100000;
		texture = Art\Bitmaps\Decals\b_d_lakeshore-gravel-a.%img%;
	  f vertical_meters = 4.000000;
	}
	[t:decal,n:*]
	{
		decal_orientation = 0.832050,0.539338,0.129641,0.000000,0.233713,-0.972306,-0.554700,0.809007,0.194461;
		decal_origin = -0.234615,-0.904010,-3.506060,0x6B0A7D61;
	  f far_plane = 1.100000;
	  x guid = 0x8B29289F;
	  f horizontal_meters = 4.000000;
	  f lod = 1.000000;
	  f near_plane = 0.100000;
		texture = Art\Bitmaps\Decals\b_d_lakeshore-gravel-a.%img%;
	  f vertical_meters = 4.000000;
	}
	[t:decal,n:*]
	{
		decal_orientation = 0.495446,0.348191,0.795799,0.000000,0.916145,-0.400847,-0.868639,0.198598,0.453900;
		decal_origin = 0.668807,-1.323965,-3.148822,0x6B0A7D61;
	  f far_plane = 1.100000;
	  x guid = 0x180ACC19;
	  f horizontal_meters = 4.000000;
	  f lod = 1.000000;
	  f near_plane = 0.100000;
		texture = Art\Bitmaps\Decals\b_d_lakeshore-gravel-a.%img%;
	  f vertical_meters = 4.000000;
	}
	[t:decal,n:*]
	{
		decal_orientation = 1.000000,0.000000,0.000000,0.000000,0.707107,-0.707107,0.000000,0.707107,0.707107;
		decal_origin = 1.975230,-1.106044,-3.520258,0x6B0A7D61;
	  f far_plane = 1.100000;
	  x guid = 0x058D191B;
	  f horizontal_meters = 4.000000;
	  f lod = 1.000000;
	  f near_plane = 0.100000;
		texture = Art\Bitmaps\Decals\b_d_lakeshore-gravel-a.%img%;
	  f vertical_meters = 4.000000;
	}
	[t:decal,n:*]
	{
		decal_orientation = 0.958798,-0.257172,-0.120701,0.000000,0.424870,-0.905255,0.284088,0.867956,0.407364;
		decal_origin = 0.641862,-0.601934,-2.602252,0x6B0A7D61;
	  f far_plane = 1.100000;
	  x guid = 0xF4CB29B1;
	  f horizontal_meters = 4.000000;
	  f lod = 1.000000;
	  f near_plane = 0.100000;
		texture = Art\Bitmaps\Decals\b_d_lakeshore-gravel-a.%img%;
	  f vertical_meters = 4.000000;
	}
	[t:decal,n:*]
	{
		decal_orientation = 0.958798,0.257172,0.120701,0.000000,0.424870,-0.905255,-0.284088,0.867956,0.407364;
		decal_origin = -0.791249,-0.524765,-2.386510,0x6B0A7D61;
	  f far_plane = 1.100000;
	  x guid = 0xA3775FB8;
	  f horizontal_meters = 4.000000;
	  f lod = 1.000000;
	  f near_plane = 0.100000;
		texture = Art\Bitmaps\Decals\b_d_lakeshore-gravel-a.%img%;
	  f vertical_meters = 4.000000;
	}
	[t:decal,n:*]
	{
		decal_orientation = 0.891789,0.364885,0.267528,0.000000,0.591286,-0.806462,-0.452452,0.719194,0.527302;
		decal_origin = 0.044823,1.704119,1.381229,0x6B0A7D61;
	  f far_plane = 1.100000;
	  x guid = 0x46232943;
	  f horizontal_meters = 4.000000;
	  f lod = 1.000000;
	  f near_plane = 0.100000;
		texture = Art\Bitmaps\Decals\b_d_lakeshore-gravel-a.%img%;
	  f vertical_meters = 4.000000;
	}
	[t:decal,n:*]
	{
		decal_orientation = 0.000000,-1.000000,0.000000,0.000000,0.000000,-1.000000,1.000000,0.000000,0.000000;
		decal_origin = -1.696005,3.000000,2.896660,0x6B0A7D61;
	  f far_plane = 1.100000;
	  x guid = 0x2A5AE1CD;
	  f horizontal_meters = 4.000000;
	  f lod = 1.000000;
	  f near_plane = 0.100000;
		texture = Art\Bitmaps\Decals\b_d_lakeshore-gravel-a.%img%;
	  f vertical_meters = 4.000000;
	}
	[t:decal,n:*]
	{
		decal_orientation = 0.988759,-0.116902,-0.093220,0.000000,0.623467,-0.781850,0.149519,0.773061,0.616458;
		decal_origin = -0.598456,2.415214,2.540773,0x6B0A7D61;
	  f far_plane = 1.100000;
	  x guid = 0x75A045F4;
	  f horizontal_meters = 4.000000;
	  f lod = 1.000000;
	  f near_plane = 0.100000;
		texture = Art\Bitmaps\Decals\b_d_lakeshore-gravel-a.%img%;
	  f vertical_meters = 4.000000;
	}
	[t:decal,n:*]
	{
		decal_orientation = 0.985961,0.143609,0.085193,0.000000,0.510211,-0.860049,-0.166977,0.847975,0.503048;
		decal_origin = 0.734691,2.773227,2.980631,0x6B0A7D61;
	  f far_plane = 1.100000;
	  x guid = 0xCF66E1FE;
	  f horizontal_meters = 4.000000;
	  f lod = 1.000000;
	  f near_plane = 0.100000;
		texture = Art\Bitmaps\Decals\b_d_lakeshore-gravel-a.%img%;
	  f vertical_meters = 4.000000;
	}
	[t:decal,n:*]
	{
		decal_orientation = 0.000000,-1.000000,0.000000,0.000000,0.000000,-1.000000,1.000000,0.000000,0.000000;
		decal_origin = 1.865701,3.000000,2.772103,0x6B0A7D61;
	  f far_plane = 1.100000;
	  x guid = 0x6066A127;
	  f horizontal_meters = 4.000000;
	  f lod = 1.000000;
	  f near_plane = 0.100000;
		texture = Art\Bitmaps\Decals\b_d_lakeshore-gravel-a.%img%;
	  f vertical_meters = 4.000000;
	}
	[t:decal,n:*]
	{
		decal_orientation = 0.993731,-0.074526,-0.083329,0.000000,0.745381,-0.666638,0.111794,0.662459,0.740709;
		decal_origin = 3.540390,-6.961367,-2.166992,0xC8E112AC;
	  f far_plane = 1.100000;
	  x guid = 0x2BADC92D;
	  f horizontal_meters = 4.000000;
	  f lod = 1.000000;
	  f near_plane = 0.100000;
		texture = Art\Bitmaps\Decals\b_d_lakeshore-gravel-a.%img%;
	  f vertical_meters = 4.000000;
	}
	[t:decal,n:*]
	{
		decal_orientation = 0.000000,-1.000000,0.000000,0.000000,0.000000,-1.000000,1.000000,0.000000,0.000000;
		decal_origin = 2.546121,-5.000001,-1.984102,0x78665915;
	  f far_plane = 1.100000;
	  x guid = 0x5FB151F7;
	  f horizontal_meters = 4.000000;
	  f lod = 1.000000;
	  f near_plane = 0.100000;
		texture = Art\Bitmaps\Decals\b_d_lakeshore-gravel-a.%img%;
	  f vertical_meters = 4.000000;
	}
	[t:decal,n:*]
	{
		decal_orientation = 0.602407,-0.788317,-0.125151,0.000000,0.156794,-0.987631,0.798189,0.594956,0.094454;
		decal_origin = -1.336346,-4.997244,-1.222765,0x78665915;
	  f far_plane = 1.100000;
	  x guid = 0xB4E1561A;
	  f horizontal_meters = 4.000000;
	  f lod = 1.000000;
	  f near_plane = 0.100000;
		texture = Art\Bitmaps\Decals\b_d_lakeshore-gravel-a.%img%;
	  f vertical_meters = 4.000000;
	}
	[t:decal,n:*]
	{
		decal_orientation = 0.000000,-1.000000,0.000000,0.000000,0.000000,-1.000000,1.000000,0.000000,0.000000;
		decal_origin = -0.363400,-5.000001,-0.088863,0x78665915;
	  f far_plane = 1.100000;
	  x guid = 0xBA4F45F9;
	  f horizontal_meters = 4.000000;
	  f lod = 1.000000;
	  f near_plane = 0.100000;
		texture = Art\Bitmaps\Decals\b_d_lakeshore-gravel-a.%img%;
	  f vertical_meters = 4.000000;
	}
	[t:decal,n:*]
	{
		decal_orientation = 0.000000,-1.000000,0.000000,0.000000,0.000000,-1.000000,1.000000,0.000000,0.000000;
		decal_origin = 3.879300,7.000000,5.127439,0x0C2960BF;
	  f far_plane = 1.100000;
	  x guid = 0xADD92093;
	  f horizontal_meters = 4.000000;
	  f lod = 1.000000;
	  f near_plane = 0.100000;
		texture = Art\Bitmaps\Decals\b_d_lakeshore-gravel-a.%img%;
	  f vertical_meters = 4.000000;
	}
	[t:decal,n:*]
	{
		decal_orientation = 0.000000,-1.000000,0.000000,0.000000,0.000000,-1.000000,1.000000,0.000000,0.000000;
		decal_origin = 1.521926,7.000000,5.800522,0x0C2960BF;
	  f far_plane = 1.100000;
	  x guid = 0x45F2CF1D;
	  f horizontal_meters = 4.000000;
	  f lod = 1.000000;
	  f near_plane = 0.100000;
		texture = Art\Bitmaps\Decals\b_d_lakeshore-gravel-a.%img%;
	  f vertical_meters = 4.000000;
	}
	[t:decal,n:*]
	{
		decal_orientation = 0.000000,-1.000000,0.000000,0.000000,0.000000,-1.000000,1.000000,0.000000,0.000000;
		decal_origin = 0.060858,7.000000,5.861435,0x0C2960BF;
	  f far_plane = 1.100000;
	  x guid = 0x40693A80;
	  f horizontal_meters = 4.000000;
	  f lod = 1.000000;
	  f near_plane = 0.100000;
		texture = Art\Bitmaps\Decals\b_d_lakeshore-gravel-a.%img%;
	  f vertical_meters = 4.000000;
	}
	[t:decal,n:*]
	{
		decal_orientation = 0.000000,-1.000000,0.000000,0.000000,0.000000,-1.000000,1.000000,0.000000,0.000000;
		decal_origin = -1.896456,7.000000,5.471189,0x0C2960BF;
	  f far_plane = 1.100000;
	  x guid = 0x3BCE132C;
	  f horizontal_meters = 4.000000;
	  f lod = 1.000000;
	  f near_plane = 0.100000;
		texture = Art\Bitmaps\Decals\b_d_lakeshore-gravel-a.%img%;
	  f vertical_meters = 4.000000;
	}
	[t:decal,n:*]
	{
		decal_orientation = 0.000000,-1.000000,0.000000,0.000000,0.000000,-1.000000,1.000000,0.000000,0.000000;
		decal_origin = 0.259280,7.000000,4.872422,0x0C2960BF;
	  f far_plane = 1.100000;
	  x guid = 0xB37960A5;
	  f horizontal_meters = 4.000000;
	  f lod = 1.000000;
	  f near_plane = 0.100000;
		texture = Art\Bitmaps\Decals\b_d_lakeshore-gravel-a.%img%;
	  f vertical_meters = 4.000000;
	}
	[t:decal,n:*]
	{
		decal_orientation = 0.617140,-0.783502,-0.072547,0.000000,0.092199,-0.995741,0.786853,0.614511,0.056900;
		decal_origin = 1.285356,6.894260,3.163547,0x0C2960BF;
	  f far_plane = 1.100000;
	  x guid = 0x7C5278F2;
	  f horizontal_meters = 4.000000;
	  f lod = 1.000000;
	  f near_plane = 0.100000;
		texture = Art\Bitmaps\Decals\b_d_lakeshore-gravel-a.%img%;
	  f vertical_meters = 4.000000;
	}
	[t:decal,n:*]
	{
		decal_orientation = 0.942137,0.097030,0.320879,0.000000,0.957195,-0.289444,-0.335228,0.272696,0.901809;
		decal_origin = 1.997065,6.049330,1.472187,0x0C2960BF;
	  f far_plane = 1.100000;
	  x guid = 0xB92F14DC;
	  f horizontal_meters = 4.000000;
	  f lod = 1.000000;
	  f near_plane = 0.100000;
		texture = Art\Bitmaps\Decals\b_d_lakeshore-gravel-a.%img%;
	  f vertical_meters = 4.000000;
	}
	[t:decal,n:*]
	{
		decal_orientation = 0.707107,0.704809,0.056957,0.000000,0.080550,-0.996751,-0.707107,0.704809,0.056957;
		decal_origin = 2.378554,6.885140,3.554345,0x0C2960BF;
	  f far_plane = 1.100000;
	  x guid = 0x27FA44A2;
	  f horizontal_meters = 4.000000;
	  f lod = 1.000000;
	  f near_plane = 0.100000;
		texture = Art\Bitmaps\Decals\b_d_lakeshore-gravel-a.%img%;
	  f vertical_meters = 4.000000;
	}
	[t:decal,n:*]
	{
		decal_orientation = 0.917416,0.140842,0.372171,0.000000,0.935269,-0.353938,-0.397929,0.324708,0.858031;
		decal_origin = 0.113009,6.189358,2.313634,0x0C2960BF;
	  f far_plane = 1.100000;
	  x guid = 0x282DB8C8;
	  f horizontal_meters = 4.000000;
	  f lod = 1.000000;
	  f near_plane = 0.100000;
		texture = Art\Bitmaps\Decals\b_d_lakeshore-gravel-a.%img%;
	  f vertical_meters = 4.000000;
	}
	[t:decal,n:*]
	{
		decal_orientation = 0.876216,0.163812,0.453223,0.000000,0.940455,-0.339917,-0.481919,0.297841,0.824042;
		decal_origin = -1.212028,6.299064,3.026450,0x0C2960BF;
	  f far_plane = 1.100000;
	  x guid = 0xFDB4CE92;
	  f horizontal_meters = 4.000000;
	  f lod = 1.000000;
	  f near_plane = 0.100000;
		texture = Art\Bitmaps\Decals\b_d_lakeshore-gravel-a.%img%;
	  f vertical_meters = 4.000000;
	}
	[t:decal,n:*]
	{
		decal_orientation = 0.693642,0.140874,0.706410,0.000000,0.980690,-0.195571,-0.720320,0.135656,0.680247;
		decal_origin = -2.726084,6.069146,3.853836,0x0C2960BF;
	  f far_plane = 1.100000;
	  x guid = 0x7ED36439;
	  f horizontal_meters = 4.000000;
	  f lod = 1.000000;
	  f near_plane = 0.100000;
		texture = Art\Bitmaps\Decals\b_d_lakeshore-gravel-a.%img%;
	  f vertical_meters = 4.000000;
	}
	[t:decal,n:*]
	{
		decal_orientation = 0.000000,-1.000000,0.000000,0.000000,0.000000,-1.000000,1.000000,0.000000,0.000000;
		decal_origin = -2.922257,7.000000,5.402192,0x0C2960BF;
	  f far_plane = 1.100000;
	  x guid = 0xE703C1B6;
	  f horizontal_meters = 4.000000;
	  f lod = 1.000000;
	  f near_plane = 0.100000;
		texture = Art\Bitmaps\Decals\b_d_lakeshore-gravel-a.%img%;
	  f vertical_meters = 4.000000;
	}
	[t:decal,n:*]
	{
		decal_orientation = 0.000000,-1.000000,0.000000,0.000000,0.000000,-1.000000,1.000000,0.000000,0.000000;
		decal_origin = 3.788588,1.000000,-1.232168,0xCAB0DC0E;
	  f far_plane = 1.100000;
	  x guid = 0xCBA00E17;
	  f horizontal_meters = 4.000000;
	  f lod = 1.000000;
	  f near_plane = 0.100000;
		texture = Art\Bitmaps\Decals\b_d_lakeshore-gravel-a.%img%;
	  f vertical_meters = 4.000000;
	}
	[t:decal,n:*]
	{
		decal_orientation = 1.000000,0.000000,0.000000,0.000000,0.141422,-0.989949,0.000000,0.989949,0.141422;
		decal_origin = 2.928511,-11.003768,-6.097432,0x7D357F36;
	  f far_plane = 1.100000;
	  x guid = 0x9C767DA0;
	  f horizontal_meters = 4.000000;
	  f lod = 1.000000;
	  f near_plane = 0.100000;
		texture = Art\Bitmaps\Decals\b_d_lakeshore-gravel-a.%img%;
	  f vertical_meters = 4.000000;
	}
	[t:decal,n:*]
	{
		decal_orientation = 0.000000,0.999385,0.035066,0.000000,0.035066,-0.999385,-1.000000,0.000000,0.000000;
		decal_origin = 1.194361,-10.960988,-4.279696,0x7D357F36;
	  f far_plane = 1.100000;
	  x guid = 0xBC5EF7DF;
	  f horizontal_meters = 4.000000;
	  f lod = 1.000000;
	  f near_plane = 0.100000;
		texture = Art\Bitmaps\Decals\b_d_lakeshore-gravel-a.%img%;
	  f vertical_meters = 4.000000;
	}
	[t:decal,n:*]
	{
		decal_orientation = 0.000000,-1.000000,0.000000,0.000000,0.000000,-1.000000,1.000000,0.000000,0.000000;
		decal_origin = -2.447091,-11.000000,-4.387100,0x7D357F36;
	  f far_plane = 1.100000;
	  x guid = 0x9557D3BD;
	  f horizontal_meters = 4.000000;
	  f lod = 1.000000;
	  f near_plane = 0.100000;
		texture = Art\Bitmaps\Decals\b_d_lakeshore-gravel-a.%img%;
	  f vertical_meters = 4.000000;
	}
	[t:decal,n:*]
	{
		decal_orientation = 0.000000,-1.000000,0.000000,0.000000,0.000000,-1.000000,1.000000,0.000000,0.000000;
		decal_origin = -2.886889,-11.000000,-5.621061,0x7D357F36;
	  f far_plane = 1.100000;
	  x guid = 0x9BD261FC;
	  f horizontal_meters = 4.000000;
	  f lod = 1.000000;
	  f near_plane = 0.100000;
		texture = Art\Bitmaps\Decals\b_d_lakeshore-gravel-a.%img%;
	  f vertical_meters = 4.000000;
	}
	[t:decal,n:*]
	{
		decal_orientation = 0.000000,-1.000000,0.000000,0.000000,0.000000,-1.000000,1.000000,0.000000,0.000000;
		decal_origin = -3.487246,-11.000000,-3.555311,0xCDCCCF85;
	  f far_plane = 1.100000;
	  x guid = 0x2897E49F;
	  f horizontal_meters = 4.000000;
	  f lod = 1.000000;
	  f near_plane = 0.100000;
		texture = Art\Bitmaps\Decals\b_d_lakeshore-gravel-a.%img%;
	  f vertical_meters = 4.000000;
	}
	[t:decal,n:*]
	{
		decal_orientation = 0.000000,-1.000000,0.000000,0.000000,0.000000,-1.000000,1.000000,0.000000,0.000000;
		decal_origin = -3.610988,-10.999996,-4.925842,0xCDCCCF85;
	  f far_plane = 1.100000;
	  x guid = 0x7D39A80F;
	  f horizontal_meters = 4.000000;
	  f lod = 1.000000;
	  f near_plane = 0.100000;
		texture = Art\Bitmaps\Decals\b_d_lakeshore-gravel-a.%img%;
	  f vertical_meters = 4.000000;
	}
	[t:decal,n:*]
	{
		decal_orientation = 0.000000,-1.000000,0.000000,0.000000,0.000000,-1.000000,1.000000,0.000000,0.000000;
		decal_origin = 3.969270,3.000000,2.811964,0x0CC684F0;
	  f far_plane = 1.100000;
	  x guid = 0xB051A85E;
	  f horizontal_meters = 4.000000;
	  f lod = 1.000000;
	  f near_plane = 0.100000;
		texture = Art\Bitmaps\Decals\b_d_lakeshore-gravel-a.%img%;
	  f vertical_meters = 4.000000;
	}
	[t:decal,n:*]
	{
		decal_orientation = 0.000000,-1.000000,0.000000,0.000000,0.000000,-1.000000,1.000000,0.000000,0.000000;
		decal_origin = -1.554485,3.000004,3.800574,0xB1A80C89;
	  f far_plane = 1.100000;
	  x guid = 0x3413BC4A;
	  f horizontal_meters = 4.000000;
	  f lod = 1.000000;
	  f near_plane = 0.100000;
		texture = Art\Bitmaps\Decals\b_d_lakeshore-gravel-a.%img%;
	  f vertical_meters = 4.000000;
	}
	[t:decal,n:*]
	{
		decal_orientation = 0.954480,0.288542,0.075576,0.000000,0.253376,-0.967368,-0.298275,0.923334,0.241842;
		decal_origin = 0.373856,2.926287,3.453379,0xB1A80C89;
	  f far_plane = 1.100000;
	  x guid = 0xC0DB4961;
	  f horizontal_meters = 4.000000;
	  f lod = 1.000000;
	  f near_plane = 0.100000;
		texture = Art\Bitmaps\Decals\b_d_lakeshore-gravel-a.%img%;
	  f vertical_meters = 4.000000;
	}
	[t:decal,n:*]
	{
		decal_orientation = 0.000000,-1.000000,0.000000,0.000000,0.000000,-1.000000,1.000000,0.000000,0.000000;
		decal_origin = 1.940006,3.000000,2.979587,0xB1A80C89;
	  f far_plane = 1.100000;
	  x guid = 0x7231B837;
	  f horizontal_meters = 4.000000;
	  f lod = 1.000000;
	  f near_plane = 0.100000;
		texture = Art\Bitmaps\Decals\b_d_lakeshore-gravel-a.%img%;
	  f vertical_meters = 4.000000;
	}
	[t:decal,n:*]
	{
		decal_orientation = 1.000000,0.000000,0.000000,0.000000,0.447214,-0.894427,0.000000,0.894427,0.447214;
		decal_origin = 1.929189,2.775371,1.314678,0xB1A80C89;
	  f far_plane = 1.100000;
	  x guid = 0x593A9FAC;
	  f horizontal_meters = 4.000000;
	  f lod = 1.000000;
	  f near_plane = 0.100000;
		texture = Art\Bitmaps\Decals\b_d_lakeshore-gravel-a.%img%;
	  f vertical_meters = 4.000000;
	}
	[t:decal,n:*]
	{
		decal_orientation = 0.891789,0.364885,0.267528,0.000000,0.591286,-0.806462,-0.452452,0.719194,0.527302;
		decal_origin = -0.184154,1.830434,1.690587,0xB1A80C89;
	  f far_plane = 1.100000;
	  x guid = 0xB71DC36F;
	  f horizontal_meters = 4.000000;
	  f lod = 1.000000;
	  f near_plane = 0.100000;
		texture = Art\Bitmaps\Decals\b_d_lakeshore-gravel-a.%img%;
	  f vertical_meters = 4.000000;
	}
	[t:decal,n:*]
	{
		decal_orientation = 0.958798,-0.257172,-0.120701,0.000000,0.424870,-0.905255,0.284088,0.867956,0.407364;
		decal_origin = 0.408022,-0.406506,-2.237257,0xB1A80C89;
	  f far_plane = 1.100000;
	  x guid = 0xD21F48E0;
	  f horizontal_meters = 4.000000;
	  f lod = 1.000000;
	  f near_plane = 0.100000;
		texture = Art\Bitmaps\Decals\b_d_lakeshore-gravel-a.%img%;
	  f vertical_meters = 4.000000;
	}
	[t:decal,n:*]
	{
		decal_orientation = 0.958798,-0.257172,-0.120701,0.000000,0.424870,-0.905255,0.284088,0.867956,0.407364;
		decal_origin = 1.151643,-0.815140,-2.924995,0xB1A80C89;
	  f far_plane = 1.100000;
	  x guid = 0xE31F2D02;
	  f horizontal_meters = 4.000000;
	  f lod = 1.000000;
	  f near_plane = 0.100000;
		texture = Art\Bitmaps\Decals\b_d_lakeshore-gravel-a.%img%;
	  f vertical_meters = 4.000000;
	}
	[t:decal,n:*]
	{
		decal_orientation = 0.832050,-0.539338,-0.129641,0.000000,0.233713,-0.972306,0.554700,0.809007,0.194461;
		decal_origin = 0.526453,-0.988807,-3.735502,0xB1A80C89;
	  f far_plane = 1.100000;
	  x guid = 0x4AD674E6;
	  f horizontal_meters = 4.000000;
	  f lod = 1.000000;
	  f near_plane = 0.100000;
		texture = Art\Bitmaps\Decals\b_d_lakeshore-gravel-a.%img%;
	  f vertical_meters = 4.000000;
	}
	[t:decal,n:*]
	{
		decal_orientation = 0.958798,0.257172,0.120701,0.000000,0.424870,-0.905255,-0.284088,0.867956,0.407364;
		decal_origin = -1.208606,-0.974617,-3.262498,0xB1A80C89;
	  f far_plane = 1.100000;
	  x guid = 0xF3C87345;
	  f horizontal_meters = 4.000000;
	  f lod = 1.000000;
	  f near_plane = 0.100000;
		texture = Art\Bitmaps\Decals\b_d_lakeshore-gravel-a.%img%;
	  f vertical_meters = 4.000000;
	}
	[t:decal,n:*]
	{
		decal_orientation = 0.000000,-1.000000,0.000000,0.000000,0.000000,-1.000000,1.000000,0.000000,0.000000;
		decal_origin = 0.335673,9.000002,5.876077,0x453F2AA1;
	  f far_plane = 1.100000;
	  x guid = 0x874C1A7C;
	  f horizontal_meters = 4.000000;
	  f lod = 1.000000;
	  f near_plane = 0.100000;
		texture = Art\Bitmaps\Decals\b_d_lakeshore-gravel-a.%img%;
	  f vertical_meters = 4.000000;
	}
	[t:decal,n:*]
	{
		decal_orientation = 0.000000,-1.000000,0.000000,0.000000,0.000000,-1.000000,1.000000,0.000000,0.000000;
		decal_origin = 1.173026,9.000000,4.696473,0x453F2AA1;
	  f far_plane = 1.100000;
	  x guid = 0x791EFEB8;
	  f horizontal_meters = 4.000000;
	  f lod = 1.000000;
	  f near_plane = 0.100000;
		texture = Art\Bitmaps\Decals\b_d_lakeshore-gravel-a.%img%;
	  f vertical_meters = 4.000000;
	}
	[t:decal,n:*]
	{
		decal_orientation = 0.617140,0.783502,0.072547,0.000000,0.092199,-0.995741,-0.786853,0.614511,0.056899;
		decal_origin = -1.227765,8.897110,3.139957,0x453F2AA1;
	  f far_plane = 1.100000;
	  x guid = 0x32185299;
	  f horizontal_meters = 4.000000;
	  f lod = 1.000000;
	  f near_plane = 0.100000;
		texture = Art\Bitmaps\Decals\b_d_lakeshore-gravel-a.%img%;
	  f vertical_meters = 4.000000;
	}
	[t:decal,n:*]
	{
		decal_orientation = 0.000000,-1.000000,0.000000,0.000000,0.000000,-1.000000,1.000000,0.000000,0.000000;
		decal_origin = -3.352144,9.000002,4.704070,0x453F2AA1;
	  f far_plane = 1.100000;
	  x guid = 0x63B9D9AD;
	  f horizontal_meters = 4.000000;
	  f lod = 1.000000;
	  f near_plane = 0.100000;
		texture = Art\Bitmaps\Decals\b_d_lakeshore-gravel-a.%img%;
	  f vertical_meters = 4.000000;
	}
	[t:decal,n:*]
	{
		decal_orientation = 0.000000,-1.000000,0.000000,0.000000,0.000000,-1.000000,1.000000,0.000000,0.000000;
		decal_origin = -1.229635,-5.000002,-1.609108,0x09110E5D;
	  f far_plane = 1.100000;
	  x guid = 0x0D34F140;
	  f horizontal_meters = 4.000000;
	  f lod = 1.000000;
	  f near_plane = 0.100000;
		texture = Art\Bitmaps\Decals\b_d_lakeshore-gravel-a.%img%;
	  f vertical_meters = 4.000000;
	}
	[t:decal,n:*]
	{
		decal_orientation = 0.000000,0.978550,0.206011,0.000000,0.206011,-0.978550,-1.000000,0.000000,0.000000;
		decal_origin = -3.570096,-4.887566,-1.435712,0x09110E5D;
	  f far_plane = 1.100000;
	  x guid = 0xCD4708DD;
	  f horizontal_meters = 4.000000;
	  f lod = 1.000000;
	  f near_plane = 0.100000;
		texture = Art\Bitmaps\Decals\b_d_lakeshore-gravel-a.%img%;
	  f vertical_meters = 4.000000;
	}
	[t:decal,n:*]
	{
		decal_orientation = 0.379556,-0.920928,-0.088482,0.000000,0.095638,-0.995416,0.925169,0.377817,0.036300;
		decal_origin = -2.457797,-4.816975,-0.448220,0x09110E5D;
	  f far_plane = 1.100000;
	  x guid = 0x37BC3F43;
	  f horizontal_meters = 4.000000;
	  f lod = 1.000000;
	  f near_plane = 0.100000;
		texture = Art\Bitmaps\Decals\b_d_lakeshore-gravel-a.%img%;
	  f vertical_meters = 4.000000;
	}
	[t:decal,n:*]
	{
		decal_orientation = -0.009260,-0.996030,-0.088540,0.000000,0.088544,-0.996072,0.999957,-0.009224,-0.000820;
		decal_origin = -0.432457,-4.957633,0.670970,0x09110E5D;
	  f far_plane = 1.100000;
	  x guid = 0x1B93B3CA;
	  f horizontal_meters = 4.000000;
	  f lod = 1.000000;
	  f near_plane = 0.100000;
		texture = Art\Bitmaps\Decals\b_d_lakeshore-gravel-a.%img%;
	  f vertical_meters = 4.000000;
	}
	[t:decal,n:*]
	{
		decal_orientation = 0.980581,-0.190037,-0.048450,0.000000,0.247048,-0.969003,0.196116,0.950186,0.242251;
		decal_origin = 2.584015,-5.001482,-2.017089,0x09110E5D;
	  f far_plane = 1.100000;
	  x guid = 0xD9F4B93A;
	  f horizontal_meters = 4.000000;
	  f lod = 1.000000;
	  f near_plane = 0.100000;
