[decals]
{
	[t:decal,n:*]
	{
		decal_orientation = 0.977016,0.174332,0.122673,0.000000,0.575477,-0.817818,-0.213167,0.799021,0.562250;
		decal_origin = -1.619802,-0.815189,-3.138160,0xFBC1077C;
	  f far_plane = 1.100000;
	  x guid = 0xC1CE1233;
	  f horizontal_meters = 4.000000;
	  f lod = 1.000000;
	  f near_plane = 0.100000;
		texture = Art\Bitmaps\Decals\b_d_snow-a.%img%;
	  f vertical_meters = 4.000000;
	}
	[t:decal,n:*]
	{
		decal_orientation = 0.894427,0.423999,0.142214,0.000000,0.317999,-0.948091,-0.447214,0.847998,0.284427;
		decal_origin = -1.426821,-0.999925,-3.468844,0xFBC1077C;
	  f far_plane = 1.100000;
	  x guid = 0x5ACD8672;
	  f horizontal_meters = 4.000000;
	  f lod = 1.000000;
	  f near_plane = 0.100000;
		texture = Art\Bitmaps\Decals\b_d_snow-a.%img%;
	  f vertical_meters = 4.000000;
	}
	[t:decal,n:*]
	{
		decal_orientation = 1.000000,0.000000,0.000000,0.000000,0.707107,-0.707107,0.000000,0.707107,0.707107;
		decal_origin = -2.629492,-0.790433,-3.204645,0xFBC1077C;
	  f far_plane = 1.100000;
	  x guid = 0x3D9F5EA4;
	  f horizontal_meters = 4.000000;
	  f lod = 1.000000;
	  f near_plane = 0.100000;
		texture = Art\Bitmaps\Decals\b_d_snow-a.%img%;
	  f vertical_meters = 4.000000;
	}
	[t:decal,n:*]
	{
		decal_orientation = 0.000000,-1.000000,0.000000,0.000000,0.000000,-1.000000,1.000000,0.000000,0.000000;
		decal_origin = -2.774288,-1.000000,-3.465791,0xFBC1077C;
	  f far_plane = 1.100000;
	  x guid = 0x38F50124;
	  f horizontal_meters = 4.000000;
	  f lod = 1.000000;
	  f near_plane = 0.100000;
		texture = Art\Bitmaps\Decals\b_d_snow-a.%img%;
	  f vertical_meters = 4.000000;
	}
	[t:decal,n:*]
	{
		decal_orientation = 0.974218,0.189152,0.122966,0.000000,0.545044,-0.838408,-0.225608,0.816792,0.530991;
		decal_origin = -0.332328,0.468461,-1.550842,0xFBC1077C;
	  f far_plane = 1.100000;
	  x guid = 0x89726F9B;
	  f horizontal_meters = 4.000000;
	  f lod = 1.000000;
	  f near_plane = 0.100000;
		texture = Art\Bitmaps\Decals\b_d_snow-a.%img%;
	  f vertical_meters = 4.000000;
	}
	[t:decal,n:*]
	{
		decal_orientation = 0.966235,0.212081,0.146328,0.000000,0.567905,-0.823094,-0.257663,0.795302,0.548729;
		decal_origin = -1.275032,0.464031,-1.319673,0xFBC1077C;
	  f far_plane = 1.100000;
	  x guid = 0xAE18E51F;
	  f horizontal_meters = 4.000000;
	  f lod = 1.000000;
	  f near_plane = 0.100000;
		texture = Art\Bitmaps\Decals\b_d_snow-a.%img%;
	  f vertical_meters = 4.000000;
	}
	[t:decal,n:*]
	{
		decal_orientation = 0.901972,0.231647,0.364399,0.000000,0.843916,-0.536476,-0.431795,0.483886,0.761188;
		decal_origin = -2.010136,0.730691,-0.793900,0xFBC1077C;
	  f far_plane = 1.100000;
	  x guid = 0xDB6B10DA;
	  f horizontal_meters = 4.000000;
	  f lod = 1.000000;
	  f near_plane = 0.100000;
		texture = Art\Bitmaps\Decals\b_d_snow-a.%img%;
	  f vertical_meters = 4.000000;
	}
	[t:decal,n:*]
	{
		decal_orientation = 0.901972,0.231647,0.364399,0.000000,0.843916,-0.536476,-0.431795,0.483886,0.761188;
		decal_origin = -0.742239,1.404948,-0.925665,0xFBC1077C;
	  f far_plane = 1.100000;
	  x guid = 0x684A5C88;
	  f horizontal_meters = 4.000000;
	  f lod = 1.000000;
	  f near_plane = 0.100000;
		texture = Art\Bitmaps\Decals\b_d_snow-a.%img%;
	  f vertical_meters = 4.000000;
	}
	[t:decal,n:*]
	{
		decal_orientation = 0.784883,0.382579,0.487435,0.000000,0.786636,-0.617417,-0.619644,0.484600,0.617417;
		decal_origin = -2.264002,1.648122,0.236894,0xFBC1077C;
	  f far_plane = 1.100000;
	  x guid = 0x6F44925A;
	  f horizontal_meters = 4.000000;
	  f lod = 1.000000;
	  f near_plane = 0.100000;
		texture = Art\Bitmaps\Decals\b_d_snow-a.%img%;
	  f vertical_meters = 4.000000;
	}
	[t:decal,n:*]
	{
		decal_orientation = 0.934488,-0.165410,-0.315233,0.000000,0.885499,-0.464641,0.355995,0.434201,0.827488;
		decal_origin = 0.760586,1.416019,-0.708546,0xFBC1077C;
	  f far_plane = 1.100000;
	  x guid = 0xD1D1283E;
	  f horizontal_meters = 4.000000;
	  f lod = 1.000000;
	  f near_plane = 0.100000;
		texture = Art\Bitmaps\Decals\b_d_snow-a.%img%;
	  f vertical_meters = 4.000000;
	}
	[t:decal,n:*]
	{
		decal_orientation = 0.000000,-1.000000,0.000000,0.000000,0.000000,-1.000000,1.000000,0.000000,0.000000;
		decal_origin = -0.443245,2.999999,1.021202,0xFBC1077C;
	  f far_plane = 1.100000;
	  x guid = 0xBE8E83D3;
	  f horizontal_meters = 4.000000;
	  f lod = 1.000000;
	  f near_plane = 0.100000;
		texture = Art\Bitmaps\Decals\b_d_snow-a.%img%;
	  f vertical_meters = 4.000000;
	}
	[t:decal,n:*]
	{
		decal_orientation = 0.000000,-1.000000,0.000000,0.000000,0.000000,-1.000000,1.000000,0.000000,0.000000;
		decal_origin = 0.050480,3.000000,2.178938,0xFBC1077C;
	  f far_plane = 1.100000;
	  x guid = 0xF195BD4C;
	  f horizontal_meters = 4.000000;
	  f lod = 1.000000;
	  f near_plane = 0.100000;
		texture = Art\Bitmaps\Decals\b_d_snow-a.%img%;
	  f vertical_meters = 4.000000;
	}
	[t:decal,n:*]
	{
		decal_orientation = 0.000000,-1.000000,0.000000,0.000000,0.000000,-1.000000,1.000000,0.000000,0.000000;
		decal_origin = 0.796214,3.000000,1.397436,0xFBC1077C;
	  f far_plane = 1.100000;
	  x guid = 0x04F938C3;
	  f horizontal_meters = 4.000000;
	  f lod = 1.000000;
	  f near_plane = 0.100000;
		texture = Art\Bitmaps\Decals\b_d_snow-a.%img%;
	  f vertical_meters = 4.000000;
	}
	[t:decal,n:*]
	{
		decal_orientation = 0.000000,-1.000000,0.000000,0.000000,0.000000,-1.000000,1.000000,0.000000,0.000000;
		decal_origin = 0.590084,3.000001,3.211293,0xFBC1077C;
	  f far_plane = 1.100000;
	  x guid = 0xFA38765A;
	  f horizontal_meters = 4.000000;
	  f lod = 1.000000;
	  f near_plane = 0.100000;
		texture = Art\Bitmaps\Decals\b_d_snow-a.%img%;
	  f vertical_meters = 4.000000;
	}
	[t:decal,n:*]
	{
		decal_orientation = 0.000000,-1.000000,0.000000,0.000000,0.000000,-1.000000,1.000000,0.000000,0.000000;
		decal_origin = -1.814574,3.000000,2.933448,0xFBC1077C;
	  f far_plane = 1.100000;
	  x guid = 0xC9D6E3B2;
	  f horizontal_meters = 4.000000;
	  f lod = 1.000000;
	  f near_plane = 0.100000;
		texture = Art\Bitmaps\Decals\b_d_snow-a.%img%;
	  f vertical_meters = 4.000000;
	}
	[t:decal,n:*]
	{
		decal_orientation = 0.784883,0.382579,0.487435,0.000000,0.786636,-0.617417,-0.619644,0.484600,0.617417;
		decal_origin = -1.293366,2.518973,0.341453,0xFBC1077C;
	  f far_plane = 1.100000;
	  x guid = 0xDA15F2F9;
	  f horizontal_meters = 4.000000;
	  f lod = 1.000000;
	  f near_plane = 0.100000;
		texture = Art\Bitmaps\Decals\b_d_snow-a.%img%;
	  f vertical_meters = 4.000000;
	}
	[t:decal,n:*]
	{
		decal_orientation = 0.000000,-1.000000,0.000000,0.000000,0.000000,-1.000000,1.000000,0.000000,0.000000;
		decal_origin = 0.268785,3.000000,0.715891,0xFBC1077C;
	  f far_plane = 1.100000;
	  x guid = 0x63A004A4;
	  f horizontal_meters = 4.000000;
	  f lod = 1.000000;
	  f near_plane = 0.100000;
		texture = Art\Bitmaps\Decals\b_d_snow-a.%img%;
	  f vertical_meters = 4.000000;
	}
	[t:decal,n:*]
	{
		decal_orientation = 0.934488,-0.165410,-0.315233,0.000000,0.885499,-0.464641,0.355995,0.434201,0.827488;
		decal_origin = 0.381835,2.402093,-0.299143,0xFBC1077C;
	  f far_plane = 1.100000;
	  x guid = 0xB043562A;
	  f horizontal_meters = 4.000000;
	  f lod = 1.000000;
	  f near_plane = 0.100000;
		texture = Art\Bitmaps\Decals\b_d_snow-a.%img%;
	  f vertical_meters = 4.000000;
	}
	[t:decal,n:*]
	{
		decal_orientation = 0.784883,0.382579,0.487435,0.000000,0.786636,-0.617417,-0.619644,0.484600,0.617417;
		decal_origin = -2.265314,2.519741,1.109548,0xFBC1077C;
	  f far_plane = 1.100000;
	  x guid = 0x5B4A9E76;
	  f horizontal_meters = 4.000000;
	  f lod = 1.000000;
	  f near_plane = 0.100000;
		texture = Art\Bitmaps\Decals\b_d_snow-a.%img%;
	  f vertical_meters = 4.000000;
	}
	[t:decal,n:*]
	{
		decal_orientation = 0.000000,-1.000000,0.000000,0.000000,0.000000,-1.000000,1.000000,0.000000,0.000000;
		decal_origin = -1.709724,3.000000,1.840414,0xFBC1077C;
	  f far_plane = 1.100000;
	  x guid = 0xB669EF9D;
	  f horizontal_meters = 4.000000;
	  f lod = 1.000000;
	  f near_plane = 0.100000;
		texture = Art\Bitmaps\Decals\b_d_snow-a.%img%;
	  f vertical_meters = 4.000000;
	}
	[t:decal,n:*]
	{
		decal_orientation = 0.934488,-0.165410,-0.315233,0.000000,0.885499,-0.464641,0.355995,0.434201,0.827488;
		decal_origin = 1.936231,2.183261,0.170134,0xFBC1077C;
	  f far_plane = 1.100000;
	  x guid = 0xA29A877E;
	  f horizontal_meters = 4.000000;
	  f lod = 1.000000;
	  f near_plane = 0.100000;
		texture = Art\Bitmaps\Decals\b_d_snow-a.%img%;
	  f vertical_meters = 4.000000;
	}
	[t:decal,n:*]
	{
		decal_orientation = 0.000000,-1.000000,0.000000,0.000000,0.000000,-1.000000,1.000000,0.000000,0.000000;
		decal_origin = 1.748117,3.000000,1.800325,0xFBC1077C;
	  f far_plane = 1.100000;
	  x guid = 0x51E0D2F0;
	  f horizontal_meters = 4.000000;
	  f lod = 1.000000;
	  f near_plane = 0.100000;
		texture = Art\Bitmaps\Decals\b_d_snow-a.%img%;
	  f vertical_meters = 4.000000;
	}
	[t:decal,n:*]
	{
		decal_orientation = 0.943858,-0.291920,-0.154642,0.000000,0.468115,-0.883668,0.330350,0.834057,0.441834;
		decal_origin = 2.884608,2.652858,0.652034,0xFBC1077C;
	  f far_plane = 1.100000;
	  x guid = 0x9C9D353D;
	  f horizontal_meters = 4.000000;
	  f lod = 1.000000;
	  f near_plane = 0.100000;
		texture = Art\Bitmaps\Decals\b_d_snow-a.%img%;
	  f vertical_meters = 4.000000;
	}
	[t:decal,n:*]
	{
		decal_orientation = 0.983189,0.123110,0.134847,0.000000,0.738516,-0.674236,-0.182592,0.662901,0.726100;
		decal_origin = 2.295888,2.106009,-0.033735,0xFBC1077C;
	  f far_plane = 1.100000;
	  x guid = 0xD23E31CB;
	  f horizontal_meters = 4.000000;
	  f lod = 1.000000;
	  f near_plane = 0.100000;
		texture = Art\Bitmaps\Decals\b_d_snow-a.%img%;
	  f vertical_meters = 4.000000;
	}
	[t:decal,n:*]
	{
		decal_orientation = 0.000000,-1.000000,0.000000,0.000000,0.000000,-1.000000,1.000000,0.000000,0.000000;
		decal_origin = 2.668533,3.000000,2.874630,0xFBC1077C;
	  f far_plane = 1.100000;
	  x guid = 0x0E136AEC;
	  f horizontal_meters = 4.000000;
	  f lod = 1.000000;
	  f near_plane = 0.100000;
		texture = Art\Bitmaps\Decals\b_d_snow-a.%img%;
	  f vertical_meters = 4.000000;
	}
	[t:decal,n:*]
	{
		decal_orientation = 0.799999,-0.460933,-0.384110,0.000000,0.640184,-0.768221,0.600000,0.614577,0.512147;
		decal_origin = -2.324058,-0.010274,-1.752855,0xFBC1077C;
	  f far_plane = 1.100000;
	  x guid = 0x3C29E877;
	  f horizontal_meters = 4.000000;
	  f lod = 1.000000;
	  f near_plane = 0.100000;
		texture = Art\Bitmaps\Decals\b_d_snow-a.%img%;
	  f vertical_meters = 4.000000;
	}
	[t:decal,n:*]
	{
		decal_orientation = 0.000000,-1.000000,0.000000,0.000000,0.000000,-1.000000,1.000000,0.000000,0.000000;
		decal_origin = 0.950551,13.000000,-0.865282,0x36DEB258;
	  f far_plane = 1.100000;
	  x guid = 0xD909B975;
	  f horizontal_meters = 4.000000;
	  f lod = 1.000000;
	  f near_plane = 0.100000;
		texture = art\bitmaps\decals\b_d_burnt-wood-a.raw;
	  f vertical_meters = 4.000000;
	}
	[t:decal,n:*]
	{
		decal_orientation = 0.000000,-1.000000,0.000000,0.000000,0.000000,-1.000000,1.000000,0.000000,0.000000;
		decal_origin = 1.179552,13.000001,0.564515,0x36DEB258;
	  f far_plane = 1.100000;
	  x guid = 0xBA77E0D9;
	  f horizontal_meters = 4.000000;
	  f lod = 1.000000;
	  f near_plane = 0.100000;
		texture = art\bitmaps\decals\b_d_burnt-wood-a.raw;
	  f vertical_meters = 4.000000;
	}
	[t:decal,n:*]
	{
		decal_orientation = 0.000000,-1.000000,0.000000,0.000000,0.000000,-1.000000,1.000000,0.000000,0.000000;
		decal_origin = -0.659181,13.000001,-0.345155,0x36DEB258;
	  f far_plane = 1.100000;
	  x guid = 0xCF20CB0B;
	  f horizontal_meters = 4.000000;
	  f lod = 1.000000;
	  f near_plane = 0.100000;
		texture = art\bitmaps\decals\b_d_burnt-wood-a.raw;
	  f vertical_meters = 4.000000;
	}
	[t:decal,n:*]
	{
		decal_orientation = 0.000000,-1.000000,0.000000,0.000000,0.000000,-1.000000,1.000000,0.000000,0.000000;
		decal_origin = -2.002096,13.000002,1.696671,0x056682B2;
	  f far_plane = 1.100000;
	  x guid = 0x8DABB8F5;
	  f horizontal_meters = 4.000000;
	  f lod = 1.000000;
	  f near_plane = 0.100000;
		texture = art\bitmaps\decals\b_d_burnt-wood-a.raw;
	  f vertical_meters = 4.000000;
	}
	[t:decal,n:*]
	{
		decal_orientation = 0.000000,-1.000000,0.000000,0.000000,0.000000,-1.000000,1.000000,0.000000,0.000000;
		decal_origin = -0.082382,13.000001,2.889328,0x056682B2;
	  f far_plane = 1.100000;
	  x guid = 0xFB51322A;
	  f horizontal_meters = 4.000000;
	  f lod = 1.000000;
	  f near_plane = 0.100000;
		texture = art\bitmaps\decals\b_d_burnt-wood-a.raw;
	  f vertical_meters = 4.000000;
	}
	[t:decal,n:*]
	{
		decal_orientation = 0.000000,-1.000000,0.000000,0.000000,0.000000,-1.000000,1.000000,0.000000,0.000000;
		decal_origin = 1.872166,13.000001,2.571175,0x056682B2;
	  f far_plane = 1.100000;
	  x guid = 0xA3FA60A8;
	  f horizontal_meters = 4.000000;
	  f lod = 1.000000;
	  f near_plane = 0.100000;
		texture = art\bitmaps\decals\b_d_burnt-wood-a.raw;
	  f vertical_meters = 4.000000;
	}
	[t:decal,n:*]
	{
		decal_orientation = 0.000000,-1.000000,0.000000,0.000000,0.000000,-1.000000,1.000000,0.000000,0.000000;
		decal_origin = 3.205508,13.000002,1.323394,0x056682B2;
	  f far_plane = 1.100000;
	  x guid = 0x7BD5D944;
	  f horizontal_meters = 4.000000;
	  f lod = 1.000000;
	  f near_plane = 0.100000;
		texture = art\bitmaps\decals\b_d_burnt-wood-a.raw;
	  f vertical_meters = 4.000000;
	}
	[t:decal,n:*]
	{
		decal_orientation = 0.000000,-1.000000,0.000000,0.000000,0.000000,-1.000000,1.000000,0.000000,0.000000;
		decal_origin = 3.563934,13.000001,-0.665601,0x056682B2;
	  f far_plane = 1.100000;
	  x guid = 0x73C230C4;
	  f horizontal_meters = 4.000000;
	  f lod = 1.000000;
	  f near_plane = 0.100000;
		texture = art\bitmaps\decals\b_d_burnt-wood-a.raw;
	  f vertical_meters = 4.000000;
	}
	[t:decal,n:*]
	{
		decal_orientation = 0.000000,-1.000000,0.000000,0.000000,0.000000,-1.000000,1.000000,0.000000,0.000000;
		decal_origin = 2.563217,13.000000,-2.510569,0x056682B2;
	  f far_plane = 1.100000;
	  x guid = 0xF365AF8B;
	  f horizontal_meters = 4.000000;
	  f lod = 1.000000;
	  f near_plane = 0.100000;
		texture = art\bitmaps\decals\b_d_burnt-wood-a.raw;
	  f vertical_meters = 4.000000;
	}
	[t:decal,n:*]
	{
		decal_orientation = 0.000000,-1.000000,0.000000,0.000000,0.000000,-1.000000,1.000000,0.000000,0.000000;
		decal_origin = 0.385752,13.000001,-3.109565,0x056682B2;
	  f far_plane = 1.100000;
	  x guid = 0xB02DB218;
	  f horizontal_meters = 4.000000;
	  f lod = 1.000000;
	  f near_plane = 0.100000;
		texture = art\bitmaps\decals\b_d_burnt-wood-a.raw;
	  f vertical_meters = 4.000000;
	}
	[t:decal,n:*]
	{
		decal_orientation = 0.000000,-1.000000,0.000000,0.000000,0.000000,-1.000000,1.000000,0.000000,0.000000;
		decal_origin = -1.169795,13.000001,-2.339775,0x056682B2;
	  f far_plane = 1.100000;
	  x guid = 0x7A419EDA;
	  f horizontal_meters = 4.000000;
	  f lod = 1.000000;
	  f near_plane = 0.100000;
		texture = art\bitmaps\decals\b_d_burnt-wood-a.raw;
	  f vertical_meters = 4.000000;
	}
	[t:decal,n:*]
	{
		decal_orientation = -0.554700,0.000000,0.832050,0.000000,1.000000,0.000000,-0.832050,0.000000,-0.554700;
		decal_origin = -2.059120,14.391754,1.839096,0x36DEB258;
	  f far_plane = 1.100000;
	  x guid = 0x7E6D6CAF;
	  f horizontal_meters = 4.000000;
	  f lod = 1.000000;
	  f near_plane = 0.100000;
		texture = art\bitmaps\decals\b_d_burnt-wood-a.raw;
	  f vertical_meters = 4.000000;
	}
	[t:decal,n:*]
	{
		decal_orientation = 0.000000,-1.000000,0.000000,0.000000,0.000000,-1.000000,1.000000,0.000000,0.000000;
		decal_origin = -0.266596,12.849999,2.183554,0x36DEB258;
	  f far_plane = 1.100000;
	  x guid = 0xB093A8D7;
	  f horizontal_meters = 4.000000;
	  f lod = 1.000000;
	  f near_plane = 0.100000;
		texture = art\bitmaps\decals\b_d_burnt-wood-a.raw;
	  f vertical_meters = 4.000000;
	}
	[t:decal,n:*]
	{
		decal_orientation = 0.000000,-1.000000,0.000000,0.000000,0.000000,-1.000000,1.000000,0.000000,0.000000;
		decal_origin = 1.089776,12.850001,2.260916,0x36DEB258;
	  f far_plane = 1.100000;
	  x guid = 0x7EC0845B;
	  f horizontal_meters = 4.000000;
	  f lod = 1.000000;
	  f near_plane = 0.100000;
		texture = art\bitmaps\decals\b_d_burnt-wood-a.raw;
	  f vertical_meters = 4.000000;
	}
	[t:decal,n:*]
	{
		decal_orientation = 0.000000,-1.000000,0.000000,0.000000,0.000000,-1.000000,1.000000,0.000000,0.000000;
		decal_origin = 0.365392,15.500000,2.033332,0x36DEB258;
	  f far_plane = 1.100000;
	  x guid = 0xC9641C67;
	  f horizontal_meters = 4.000000;
	  f lod = 1.000000;
	  f near_plane = 0.100000;
		texture = art\bitmaps\decals\b_d_burnt-wood-a.raw;
	  f vertical_meters = 4.000000;
	}
	[t:decal,n:*]
	{
		decal_orientation = 0.000000,0.000000,1.000000,0.000000,1.000000,0.000000,-1.000000,0.000000,0.000000;
		decal_origin = -0.700000,13.984953,2.055999,0x36DEB258;
	  f far_plane = 1.100000;
	  x guid = 0xF1BF7D0A;
	  f horizontal_meters = 4.000000;
	  f lod = 1.000000;
	  f near_plane = 0.100000;
		texture = art\bitmaps\decals\b_d_burnt-wood-a.raw;
	  f vertical_meters = 4.000000;
	}
	[t:decal,n:*]
	{
		decal_orientation = -1.000000,0.000000,0.000000,0.000000,1.000000,0.000000,0.000000,0.000000,-1.000000;
		decal_origin = 0.523800,13.825191,3.100000,0x36DEB258;
	  f far_plane = 1.100000;
	  x guid = 0xCBDDF4FA;
	  f horizontal_meters = 4.000000;
	  f lod = 1.000000;
	  f near_plane = 0.100000;
		texture = art\bitmaps\decals\b_d_burnt-wood-a.raw;
	  f vertical_meters = 4.000000;
	}
	[t:decal,n:*]
	{
		decal_orientation = 0.554700,0.000000,0.832050,0.000000,1.000000,0.000000,-0.832050,0.000000,0.554700;
		decal_origin = 1.154129,14.086066,0.691031,0x36DEB258;
	  f far_plane = 1.100000;
	  x guid = 0xEA9BECC4;
	  f horizontal_meters = 4.000000;
	  f lod = 1.000000;
	  f near_plane = 0.100000;
		texture = art\bitmaps\decals\b_d_burnt-wood-a.raw;
	  f vertical_meters = 4.000000;
	}
	[t:decal,n:*]
	{
		decal_orientation = 0.000000,-1.000000,0.000000,0.000000,0.000000,-1.000000,1.000000,0.000000,0.000000;
		decal_origin = 2.537937,12.850001,1.406322,0x36DEB258;
	  f far_plane = 1.100000;
	  x guid = 0x98E7B103;
	  f horizontal_meters = 4.000000;
	  f lod = 1.000000;
	  f near_plane = 0.100000;
		texture = art\bitmaps\decals\b_d_burnt-wood-a.raw;
	  f vertical_meters = 4.000000;
	}
	[t:decal,n:*]
	{
		decal_orientation = -0.999541,0.000000,-0.030289,0.000000,1.000000,0.000000,0.030289,0.000000,-0.999541;
		decal_origin = 3.140724,11.831620,1.032558,0x36DEB258;
	  f far_plane = 1.100000;
	  x guid = 0xD89236B9;
	  f horizontal_meters = 4.000000;
	  f lod = 1.000000;
	  f near_plane = 0.100000;
		texture = art\bitmaps\decals\b_d_burnt-wood-a.raw;
	  f vertical_meters = 4.000000;
	}
	[t:decal,n:*]
	{
		decal_orientation = -0.514496,0.000000,0.857493,0.000000,1.000000,0.000000,-0.857493,0.000000,-0.514496;
		decal_origin = 1.230248,13.989718,-0.639269,0x36DEB258;
	  f far_plane = 1.100000;
	  x guid = 0x74178EBA;
	  f horizontal_meters = 4.000000;
	  f lod = 1.000000;
	  f near_plane = 0.100000;
		texture = art\bitmaps\decals\b_d_burnt-wood-a.raw;
	  f vertical_meters = 4.000000;
	}
	[t:decal,n:*]
	{
		decal_orientation = -1.000000,0.000000,0.000000,0.000000,1.000000,0.000000,0.000000,0.000000,-1.000000;
		decal_origin = 0.540407,14.164242,-0.900000,0x36DEB258;
	  f far_plane = 1.100000;
	  x guid = 0x9EDD2ECE;
	  f horizontal_meters = 4.000000;
	  f lod = 1.000000;
	  f near_plane = 0.100000;
		texture = art\bitmaps\decals\b_d_burnt-wood-a.raw;
	  f vertical_meters = 4.000000;
	}
	[t:decal,n:*]
	{
		decal_orientation = 0.000000,-1.000000,0.000000,0.000000,0.000000,-1.000000,1.000000,0.000000,0.000000;
		decal_origin = 0.422233,15.500000,-2.093033,0x36DEB258;
	  f far_plane = 1.100000;
	  x guid = 0x5BA0CA18;
	  f horizontal_meters = 4.000000;
	  f lod = 1.000000;
	  f near_plane = 0.100000;
		texture = art\bitmaps\decals\b_d_burnt-wood-a.raw;
	  f vertical_meters = 4.000000;
	}
	[t:decal,n:*]
	{
		decal_orientation = 0.000000,-1.000000,0.000000,0.000000,0.000000,-1.000000,1.000000,0.000000,0.000000;
		decal_origin = 2.222228,15.500001,-1.279599,0x36DEB258;
	  f far_plane = 1.100000;
	  x guid = 0xF16BE307;
	  f horizontal_meters = 4.000000;
	  f lod = 1.000000;
	  f near_plane = 0.100000;
		texture = art\bitmaps\decals\b_d_burnt-wood-a.raw;
	  f vertical_meters = 4.000000;
	}
	[t:decal,n:*]
	{
		decal_orientation = -0.894427,0.000000,-0.447214,0.000000,1.000000,0.000000,0.447214,0.000000,-0.894427;
		decal_origin = 2.738733,13.879092,-0.226332,0x36DEB258;
	  f far_plane = 1.100000;
	  x guid = 0xB2D5D590;
	  f horizontal_meters = 4.000000;
	  f lod = 1.000000;
	  f near_plane = 0.100000;
		texture = art\bitmaps\decals\b_d_burnt-wood-a.raw;
	  f vertical_meters = 4.000000;
	}
	[t:decal,n:*]
	{
		decal_orientation = 0.000000,-1.000000,0.000000,0.000000,0.000000,-1.000000,1.000000,0.000000,0.000000;
		decal_origin = -1.243006,15.500001,-1.167197,0x36DEB258;
	  f far_plane = 1.100000;
	  x guid = 0xE81AE14A;
	  f horizontal_meters = 4.000000;
	  f lod = 1.000000;
	  f near_plane = 0.100000;
		texture = art\bitmaps\decals\b_d_burnt-wood-a.raw;
	  f vertical_meters = 4.000000;
	}
	[t:decal,n:*]
	{
		decal_orientation = -0.624695,0.000000,-0.780869,0.000000,1.000000,0.000000,0.780869,0.000000,-0.624695;
		decal_origin = -0.364925,14.171759,-0.493063,0x36DEB258;
	  f far_plane = 1.100000;
	  x guid = 0xACD17740;
	  f horizontal_meters = 4.000000;
	  f lod = 1.000000;
	  f near_plane = 0.100000;
		texture = art\bitmaps\decals\b_d_burnt-wood-a.raw;
	  f vertical_meters = 4.000000;
	}
	[t:decal,n:*]
	{
		decal_orientation = -0.832050,0.000000,0.554700,0.000000,1.000000,0.000000,-0.554700,0.000000,-0.832050;
		decal_origin = -1.839827,13.736098,-0.274701,0x36DEB258;
	  f far_plane = 1.100000;
	  x guid = 0x6EF623EA;
	  f horizontal_meters = 4.000000;
	  f lod = 1.000000;
	  f near_plane = 0.100000;
		texture = art\bitmaps\decals\b_d_burnt-wood-a.raw;
	  f vertical_meters = 4.000000;
	}
	[t:decal,n:*]
	{
		decal_orientation = 0.000000,-1.000000,0.000000,0.000000,0.000000,-1.000000,1.000000,0.000000,0.000000;
		decal_origin = -1.557998,12.850000,-1.325864,0x36DEB258;
	  f far_plane = 1.100000;
	  x guid = 0x4AAAB4AA;
	  f horizontal_meters = 4.000000;
	  f lod = 1.000000;
	  f near_plane = 0.100000;
		texture = art\bitmaps\decals\b_d_burnt-wood-a.raw;
	  f vertical_meters = 4.000000;
	}
	[t:decal,n:*]
	{
		decal_orientation = 0.514496,0.000000,0.857493,0.000000,1.000000,0.000000,-0.857493,0.000000,0.514496;
		decal_origin = -2.107933,13.899229,-1.830430,0x36DEB258;
	  f far_plane = 1.100000;
	  x guid = 0x14D02F45;
	  f horizontal_meters = 4.000000;
	  f lod = 1.000000;
	  f near_plane = 0.100000;
		texture = art\bitmaps\decals\b_d_burnt-wood-a.raw;
	  f vertical_meters = 4.000000;
	}
	[t:decal,n:*]
	{
		decal_orientation = 1.000000,0.000000,0.000000,0.000000,1.000000,0.000000,0.000000,0.000000,1.000000;
		decal_origin = 0.496709,13.410094,-3.100000,0x36DEB258;
	  f far_plane = 1.100000;
	  x guid = 0x36ADC060;
	  f horizontal_meters = 4.000000;
	  f lod = 1.000000;
	  f near_plane = 0.100000;
		texture = art\bitmaps\decals\b_d_burnt-wood-a.raw;
	  f vertical_meters = 4.000000;
	}
	[t:decal,n:*]
	{
		decal_orientation = 0.000000,-1.000000,0.000000,0.000000,0.000000,-1.000000,1.000000,0.000000,0.000000;
		decal_origin = -0.146111,12.850000,-2.287011,0x36DEB258;
	  f far_plane = 1.100000;
	  x guid = 0x680344D1;
	  f horizontal_meters = 4.000000;
	  f lod = 1.000000;
	  f near_plane = 0.100000;
		texture = art\bitmaps\decals\b_d_burnt-wood-a.raw;
	  f vertical_meters = 4.000000;
	}
	[t:decal,n:*]
	{
		decal_orientation = 0.000000,-1.000000,0.000000,0.000000,0.000000,-1.000000,1.000000,0.000000,0.000000;
		decal_origin = 1.237471,12.850001,-2.260841,0x36DEB258;
	  f far_plane = 1.100000;
	  x guid = 0x707A7B2A;
	  f horizontal_meters = 4.000000;
	  f lod = 1.000000;
	  f near_plane = 0.100000;
		texture = art\bitmaps\decals\b_d_burnt-wood-a.raw;
	  f vertical_meters = 4.000000;
	}
	[t:decal,n:*]
	{
		decal_orientation = -0.707107,0.391762,0.588662,0.000000,0.832493,-0.554035,-0.707107,-0.391762,-0.588662;
		decal_origin = 1.911896,11.741361,-1.019439,0x36DEB258;
	  f far_plane = 1.100000;
	  x guid = 0x028B94AA;
	  f horizontal_meters = 4.000000;
	  f lod = 1.000000;
	  f near_plane = 0.100000;
		texture = art\bitmaps\decals\b_d_burnt-wood-a.raw;
	  f vertical_meters = 4.000000;
	}
	[t:decal,n:*]
	{
		decal_orientation = 0.000000,-1.000000,0.000000,0.000000,0.000000,-1.000000,1.000000,0.000000,0.000000;
		decal_origin = 2.312027,14.000002,-1.256149,0x36DEB258;
	  f far_plane = 1.100000;
	  x guid = 0xE1E9EAD8;
	  f horizontal_meters = 4.000000;
	  f lod = 1.000000;
	  f near_plane = 0.100000;
		texture = art\bitmaps\decals\b_d_burnt-wood-a.raw;
	  f vertical_meters = 4.000000;
	}
	[t:decal,n:*]
	{
		decal_orientation = 0.999541,0.000000,0.030289,0.000000,1.000000,0.000000,-0.030289,0.000000,0.999541;
		decal_origin = 2.792759,11.511274,-1.157815,0x36DEB258;
	  f far_plane = 1.100000;
	  x guid = 0xF66B1F79;
	  f horizontal_meters = 4.000000;
	  f lod = 1.000000;
	  f near_plane = 0.100000;
		texture = art\bitmaps\decals\b_d_burnt-wood-a.raw;
	  f vertical_meters = 4.000000;
	}
	[t:decal,n:*]
	{
		decal_orientation = -0.624695,0.000000,-0.780869,0.000000,1.000000,0.000000,0.780869,0.000000,-0.624695;
		decal_origin = 3.076108,14.215078,1.843146,0x36DEB258;
	  f far_plane = 1.100000;
	  x guid = 0x1AB453CE;
	  f horizontal_meters = 4.000000;
	  f lod = 1.000000;
	  f near_plane = 0.100000;
		texture = art\bitmaps\decals\b_d_burnt-wood-a.raw;
	  f vertical_meters = 4.000000;
	}
	[t:decal,n:*]
	{
		decal_orientation = 0.980581,0.116487,0.157773,0.000000,0.804488,-0.593969,-0.196116,0.582435,0.788865;
		decal_origin = 1.006011,11.521720,1.499861,0x36DEB258;
	  f far_plane = 1.100000;
	  x guid = 0xE7813B14;
	  f horizontal_meters = 4.000000;
	  f lod = 1.000000;
	  f near_plane = 0.100000;
		texture = art\bitmaps\decals\b_d_burnt-wood-a.raw;
	  f vertical_meters = 4.000000;
	}
	[t:decal,n:*]
	{
		decal_orientation = -0.325080,0.000000,-0.945687,0.000000,1.000000,0.000000,0.945687,0.000000,-0.325080;
		decal_origin = 0.806258,11.643233,2.535237,0x36DEB258;
	  f far_plane = 1.100000;
	  x guid = 0xA656A27F;
	  f horizontal_meters = 4.000000;
	  f lod = 1.000000;
	  f near_plane = 0.100000;
		texture = art\bitmaps\decals\b_d_burnt-wood-a.raw;
	  f vertical_meters = 4.000000;
	}
	[t:decal,n:*]
	{
		decal_orientation = 0.000000,0.000000,-1.000000,0.000000,1.000000,0.000000,1.000000,0.000000,0.000000;
		decal_origin = 1.650000,14.111614,2.003037,0x36DEB258;
	  f far_plane = 1.100000;
	  x guid = 0x2C784130;
	  f horizontal_meters = 4.000000;
	  f lod = 1.000000;
	  f near_plane = 0.100000;
		texture = art\bitmaps\decals\b_d_burnt-wood-a.raw;
	  f vertical_meters = 4.000000;
	}
	[t:decal,n:*]
	{
		decal_orientation = 0.554700,-0.485212,-0.675927,0.000000,0.812362,-0.583153,0.832050,0.323475,0.450618;
		decal_origin = -0.747374,11.447995,0.902755,0x36DEB258;
	  f far_plane = 1.100000;
	  x guid = 0xD1645B0F;
	  f horizontal_meters = 4.000000;
	  f lod = 1.000000;
	  f near_plane = 0.100000;
		texture = art\bitmaps\decals\b_d_burnt-wood-a.raw;
	  f vertical_meters = 4.000000;
	}
	[t:decal,n:*]
	{
		decal_orientation = 0.554700,0.000000,-0.832050,0.000000,1.000000,0.000000,0.832050,0.000000,0.554700;
		decal_origin = -0.186904,14.058792,0.716869,0x36DEB258;
	  f far_plane = 1.100000;
	  x guid = 0x43BA2AF0;
	  f horizontal_meters = 4.000000;
	  f lod = 1.000000;
	  f near_plane = 0.100000;
		texture = art\bitmaps\decals\b_d_burnt-wood-a.raw;
	  f vertical_meters = 4.000000;
	}
	[t:decal,n:*]
	{
		decal_orientation = 1.000000,0.000000,0.000000,0.000000,1.000000,0.000000,0.000000,0.000000,1.000000;
		decal_origin = 0.472681,13.816545,0.900000,0x36DEB258;
	  f far_plane = 1.100000;
	  x guid = 0x579F8F01;
	  f horizontal_meters = 4.000000;
	  f lod = 1.000000;
	  f near_plane = 0.100000;
		texture = art\bitmaps\decals\b_d_burnt-wood-a.raw;
	  f vertical_meters = 4.000000;
	}
	[t:decal,n:*]
	{
		decal_orientation = -0.270746,0.000000,0.962651,0.000000,1.000000,0.000000,-0.962651,0.000000,-0.270746;
		decal_origin = -1.252771,11.602478,-1.999679,0x36DEB258;
	  f far_plane = 1.100000;
	  x guid = 0x1D38ACB2;
	  f horizontal_meters = 4.000000;
	  f lod = 1.000000;
	  f near_plane = 0.100000;
		texture = art\bitmaps\decals\b_d_burnt-wood-a.raw;
	  f vertical_meters = 4.000000;
	}
	[t:decal,n:*]
	{
		decal_orientation = 0.000000,-1.000000,0.000000,0.000000,0.000000,-1.000000,1.000000,0.000000,0.000000;
		decal_origin = -2.301491,13.000001,1.642941,0xDFA10CCE;
	  f far_plane = 1.100000;
	  x guid = 0xC67188C3;
	  f horizontal_meters = 4.000000;
	  f lod = 1.000000;
	  f near_plane = 0.100000;
		texture = art\bitmaps\decals\b_d_burnt-wood-a.raw;
	  f vertical_meters = 4.000000;
	}
	[t:decal,n:*]
	{
		decal_orientation = 0.000000,-1.000000,0.000000,0.000000,0.000000,-1.000000,1.000000,0.000000,0.000000;
		decal_origin = -0.927094,13.000002,2.595045,0xDFA10CCE;
	  f far_plane = 1.100000;
	  x guid = 0xF2FD430C;
	  f horizontal_meters = 4.000000;
	  f lod = 1.000000;
	  f near_plane = 0.100000;
		texture = art\bitmaps\decals\b_d_burnt-wood-a.raw;
	  f vertical_meters = 4.000000;
	}
	[t:decal,n:*]
	{
		decal_orientation = 0.000000,-1.000000,0.000000,0.000000,0.000000,-1.000000,1.000000,0.000000,0.000000;
		decal_origin = 1.924394,13.000001,2.968782,0xDFA10CCE;
	  f far_plane = 1.100000;
	  x guid = 0x36B0C89B;
	  f horizontal_meters = 4.000000;
	  f lod = 1.000000;
	  f near_plane = 0.100000;
		texture = art\bitmaps\decals\b_d_burnt-wood-a.raw;
	  f vertical_meters = 4.000000;
	}
	[t:decal,n:*]
	{
		decal_orientation = 0.000000,-1.000000,0.000000,0.000000,0.000000,-1.000000,1.000000,0.000000,0.000000;
		decal_origin = 3.242909,13.000001,1.377082,0xDFA10CCE;
	  f far_plane = 1.100000;
	  x guid = 0xA8110C35;
	  f horizontal_meters = 4.000000;
	  f lod = 1.000000;
	  f near_plane = 0.100000;
		texture = art\bitmaps\decals\b_d_burnt-wood-a.raw;
	  f vertical_meters = 4.000000;
	}
	[t:decal,n:*]
	{
		decal_orientation = 0.000000,-1.000000,0.000000,0.000000,0.000000,-1.000000,1.000000,0.000000,0.000000;
		decal_origin = 3.685076,13.000001,-0.634880,0xDFA10CCE;
	  f far_plane = 1.100000;
	  x guid = 0xE8788B1F;
	  f horizontal_meters = 4.000000;
	  f lod = 1.000000;
	  f near_plane = 0.100000;
		texture = art\bitmaps\decals\b_d_burnt-wood-a.raw;
	  f vertical_meters = 4.000000;
	}
	[t:decal,n:*]
	{
		decal_orientation = 0.000000,-1.000000,0.000000,0.000000,0.000000,-1.000000,1.000000,0.000000,0.000000;
		decal_origin = 2.320575,12.999999,-2.678072,0xDFA10CCE;
	  f far_plane = 1.100000;
	  x guid = 0x66181B30;
	  f horizontal_meters = 4.000000;
	  f lod = 1.000000;
	  f near_plane = 0.100000;
		texture = art\bitmaps\decals\b_d_burnt-wood-a.raw;
	  f vertical_meters = 4.000000;
	}
	[t:decal,n:*]
	{
		decal_orientation = 0.000000,-1.000000,0.000000,0.000000,0.000000,-1.000000,1.000000,0.000000,0.000000;
		decal_origin = 0.177128,13.000000,-3.109120,0xDFA10CCE;
	  f far_plane = 1.100000;
	  x guid = 0x3AF85B25;
	  f horizontal_meters = 4.000000;
	  f lod = 1.000000;
	  f near_plane = 0.100000;
		texture = art\bitmaps\decals\b_d_burnt-wood-a.raw;
	  f vertical_meters = 4.000000;
	}
	[t:decal,n:*]
	{
		decal_orientation = 0.000000,-1.000000,0.000000,0.000000,0.000000,-1.000000,1.000000,0.000000,0.000000;
		decal_origin = -2.103559,13.000001,-1.881453,0xDFA10CCE;
	  f far_plane = 1.100000;
	  x guid = 0x2CC7E9EF;
	  f horizontal_meters = 4.000000;
	  f lod = 1.000000;
	  f near_plane = 0.100000;
		texture = art\bitmaps\decals\b_d_burnt-wood-a.raw;
	  f vertical_meters = 4.000000;
	}
	[t:decal,n:*]
	{
		decal_orientation = 0.000000,-1.000000,0.000000,0.000000,0.000000,-1.000000,1.000000,0.000000,0.000000;
		decal_origin = 1.088478,13.000000,-0.955143,0xDF774EC3;
	  f far_plane = 1.100000;
	  x guid = 0x4F547D7D;
	  f horizontal_meters = 4.000000;
	  f lod = 1.000000;
	  f near_plane = 0.100000;
		texture = art\bitmaps\decals\b_d_burnt-wood-a.raw;
	  f vertical_meters = 4.000000;
	}
	[t:decal,n:*]
	{
		decal_orientation = 0.000000,-1.000000,0.000000,0.000000,0.000000,-1.000000,1.000000,0.000000,0.000000;
		decal_origin = 0.856292,13.000002,0.574168,0xDF774EC3;
	  f far_plane = 1.100000;
	  x guid = 0x45E1AD89;
	  f horizontal_meters = 4.000000;
	  f lod = 1.000000;
	  f near_plane = 0.100000;
		texture = art\bitmaps\decals\b_d_burnt-wood-a.raw;
	  f vertical_meters = 4.000000;
	}
	[t:decal,n:*]
	{
		decal_orientation = -1.000000,0.000000,0.000000,0.000000,1.000000,0.000000,0.000000,0.000000,-1.000000;
		decal_origin = 0.328330,14.323798,-0.900000,0xDF774EC3;
	  f far_plane = 1.100000;
	  x guid = 0x7329C500;
	  f horizontal_meters = 4.000000;
	  f lod = 1.000000;
	  f near_plane = 0.100000;
		texture = art\bitmaps\decals\b_d_burnt-wood-a.raw;
	  f vertical_meters = 4.000000;
	}
	[t:decal,n:*]
	{
		decal_orientation = -0.514496,0.000000,0.857493,0.000000,1.000000,0.000000,-0.857493,0.000000,-0.514496;
		decal_origin = 1.202975,13.941139,-0.684724,0xDF774EC3;
	  f far_plane = 1.100000;
	  x guid = 0x12E447A7;
	  f horizontal_meters = 4.000000;
	  f lod = 1.000000;
	  f near_plane = 0.100000;
		texture = art\bitmaps\decals\b_d_burnt-wood-a.raw;
	  f vertical_meters = 4.000000;
	}
	[t:decal,n:*]
	{
		decal_orientation = 0.554700,0.000000,0.832050,0.000000,1.000000,0.000000,-0.832050,0.000000,0.554700;
		decal_origin = 1.174379,13.860815,0.660656,0xDF774EC3;
	  f far_plane = 1.100000;
	  x guid = 0x4220880E;
	  f horizontal_meters = 4.000000;
	  f lod = 1.000000;
	  f near_plane = 0.100000;
		texture = art\bitmaps\decals\b_d_burnt-wood-a.raw;
	  f vertical_meters = 4.000000;
	}
	[t:decal,n:*]
	{
		decal_orientation = 0.554700,0.000000,-0.832050,0.000000,1.000000,0.000000,0.832050,0.000000,0.554700;
		decal_origin = -0.313969,13.570374,0.526271,0xDF774EC3;
	  f far_plane = 1.100000;
	  x guid = 0x7982D303;
	  f horizontal_meters = 4.000000;
	  f lod = 1.000000;
	  f near_plane = 0.100000;
		texture = art\bitmaps\decals\b_d_burnt-wood-a.raw;
	  f vertical_meters = 4.000000;
	}
	[t:decal,n:*]
	{
		decal_orientation = 1.000000,0.000000,0.000000,0.000000,1.000000,0.000000,0.000000,0.000000,1.000000;
		decal_origin = 0.588407,14.067978,0.900000,0xDF774EC3;
	  f far_plane = 1.100000;
	  x guid = 0x1A40BCD5;
	  f horizontal_meters = 4.000000;
	  f lod = 1.000000;
	  f near_plane = 0.100000;
		texture = art\bitmaps\decals\b_d_burnt-wood-a.raw;
	  f vertical_meters = 4.000000;
	}
	[t:decal,n:*]
	{
		decal_orientation = 0.554700,0.000000,-0.832050,0.000000,1.000000,0.000000,0.832050,0.000000,0.554700;
		decal_origin = 3.124724,14.100871,-1.790689,0xDF774EC3;
	  f far_plane = 1.100000;
	  x guid = 0x5EE20E55;
	  f horizontal_meters = 4.000000;
	  f lod = 1.000000;
	  f near_plane = 0.100000;
		texture = art\bitmaps\decals\b_d_burnt-wood-a.raw;
	  f vertical_meters = 4.000000;
	}
	[t:decal,n:*]
	{
		decal_orientation = 1.000000,0.000000,0.000000,0.000000,1.000000,0.000000,0.000000,0.000000,1.000000;
		decal_origin = 0.509734,13.982248,-3.100000,0xDF774EC3;
	  f far_plane = 1.100000;
	  x guid = 0x3EB50670;
	  f horizontal_meters = 4.000000;
	  f lod = 1.000000;
	  f near_plane = 0.100000;
		texture = art\bitmaps\decals\b_d_burnt-wood-a.raw;
	  f vertical_meters = 4.000000;
	}
	[t:decal,n:*]
	{
		decal_orientation = -0.624695,0.000000,-0.780869,0.000000,1.000000,0.000000,0.780869,0.000000,-0.624695;
		decal_origin = 3.099605,14.122660,1.813775,0xDF774EC3;
	  f far_plane = 1.100000;
	  x guid = 0x9AF56565;
	  f horizontal_meters = 4.000000;
	  f lod = 1.000000;
	  f near_plane = 0.100000;
		texture = art\bitmaps\decals\b_d_burnt-wood-a.raw;
	  f vertical_meters = 4.000000;
	}
	[t:decal,n:*]
	{
		decal_orientation = 0.514496,0.000000,0.857493,0.000000,1.000000,0.000000,-0.857493,0.000000,0.514496;
		decal_origin = -2.088896,13.966085,-1.862158,0xDF774EC3;
	  f far_plane = 1.100000;
	  x guid = 0x9F07F124;
	  f horizontal_meters = 4.000000;
	  f lod = 1.000000;
	  f near_plane = 0.100000;
		texture = art\bitmaps\decals\b_d_burnt-wood-a.raw;
	  f vertical_meters = 4.000000;
	}
	[t:decal,n:*]
	{
		decal_orientation = 0.000000,0.000000,-1.000000,0.000000,1.000000,0.000000,1.000000,0.000000,0.000000;
		decal_origin = 1.650000,14.170770,2.092195,0xDF774EC3;
	  f far_plane = 1.100000;
	  x guid = 0x8D5EE0B1;
	  f horizontal_meters = 4.000000;
	  f lod = 1.000000;
	  f near_plane = 0.100000;
		texture = art\bitmaps\decals\b_d_burnt-wood-a.raw;
	  f vertical_meters = 4.000000;
	}
	[t:decal,n:*]
	{
		decal_orientation = -1.000000,0.000000,0.000000,0.000000,1.000000,0.000000,0.000000,0.000000,-1.000000;
		decal_origin = 0.393227,13.922647,3.100000,0xDF774EC3;
	  f far_plane = 1.100000;
	  x guid = 0x78ACD814;
	  f horizontal_meters = 4.000000;
	  f lod = 1.000000;
	  f near_plane = 0.100000;
		texture = art\bitmaps\decals\b_d_burnt-wood-a.raw;
	  f vertical_meters = 4.000000;
	}
	[t:decal,n:*]
	{
		decal_orientation = -0.554700,0.000000,0.832050,0.000000,1.000000,0.000000,-0.832050,0.000000,-0.554700;
		decal_origin = -2.027648,13.891866,1.886303,0xDF774EC3;
	  f far_plane = 1.100000;
	  x guid = 0x4AE8B793;
	  f horizontal_meters = 4.000000;
	  f lod = 1.000000;
	  f near_plane = 0.100000;
		texture = art\bitmaps\decals\b_d_burnt-wood-a.raw;
	  f vertical_meters = 4.000000;
	}
	[t:decal,n:*]
	{
		decal_orientation = 0.000000,-1.000000,0.000000,0.000000,0.000000,-1.000000,1.000000,0.000000,0.000000;
		decal_origin = -1.366500,12.850001,1.356767,0xDF774EC3;
	  f far_plane = 1.100000;
	  x guid = 0xA4B3B376;
	  f horizontal_meters = 4.000000;
	  f lod = 1.000000;
	  f near_plane = 0.100000;
		texture = art\bitmaps\decals\b_d_burnt-wood-a.raw;
	  f vertical_meters = 4.000000;
	}
	[t:decal,n:*]
	{
		decal_orientation = -0.817806,0.000000,0.575493,0.000000,1.000000,0.000000,-0.575493,0.000000,-0.817806;
		decal_origin = 1.826599,11.730907,2.195202,0xDFA10CCE;
	  f far_plane = 1.100000;
	  x guid = 0xE8FE1C8F;
	  f horizontal_meters = 4.000000;
	  f lod = 1.000000;
	  f near_plane = 0.100000;
		texture = art\bitmaps\decals\b_d_burnt-wood-a.raw;
	  f vertical_meters = 4.000000;
	}
	[t:decal,n:*]
	{
		decal_orientation = 0.000000,-1.000000,0.000000,0.000000,0.000000,-1.000000,1.000000,0.000000,0.000000;
		decal_origin = 2.997219,12.850000,0.009295,0xDF774EC3;
	  f far_plane = 1.100000;
	  x guid = 0xBEBCB6E2;
	  f horizontal_meters = 4.000000;
	  f lod = 1.000000;
	  f near_plane = 0.100000;
		texture = art\bitmaps\decals\b_d_burnt-wood-a.raw;
	  f vertical_meters = 4.000000;
	}
	[t:decal,n:*]
	{
		decal_orientation = 0.000000,-1.000000,0.000000,0.000000,0.000000,-1.000000,1.000000,0.000000,0.000000;
		decal_origin = 2.469189,12.850001,-1.371868,0xDF774EC3;
	  f far_plane = 1.100000;
	  x guid = 0xCDC87463;
	  f horizontal_meters = 4.000000;
	  f lod = 1.000000;
	  f near_plane = 0.100000;
		texture = art\bitmaps\decals\b_d_burnt-wood-a.raw;
	  f vertical_meters = 4.000000;
	}
	[t:decal,n:*]
	{
		decal_orientation = -0.768221,0.038503,-0.639026,0.000000,0.998190,0.060144,0.640185,0.046204,-0.766830;
		decal_origin = 3.305076,11.008410,-0.717639,0xDF774EC3;
	  f far_plane = 1.100000;
	  x guid = 0x68470AAE;
	  f horizontal_meters = 4.000000;
	  f lod = 1.000000;
	  f near_plane = 0.100000;
		texture = art\bitmaps\decals\b_d_burnt-wood-a.raw;
	  f vertical_meters = 4.000000;
	}
	[t:decal,n:*]
	{
		decal_orientation = -0.999541,0.000000,-0.030289,0.000000,1.000000,0.000000,0.030289,0.000000,-0.999541;
		decal_origin = 2.938334,11.570677,1.038691,0xDF774EC3;
	  f far_plane = 1.100000;
	  x guid = 0xA17A6E34;
	  f horizontal_meters = 4.000000;
	  f lod = 1.000000;
	  f near_plane = 0.100000;
		texture = art\bitmaps\decals\b_d_burnt-wood-a.raw;
	  f vertical_meters = 4.000000;
	}
	[t:decal,n:*]
	{
		decal_orientation = 0.000000,-1.000000,0.000000,0.000000,0.000000,-1.000000,1.000000,0.000000,0.000000;
		decal_origin = -0.206784,12.850000,2.337540,0xDF774EC3;
	  f far_plane = 1.100000;
	  x guid = 0xA7AFCE9A;
	  f horizontal_meters = 4.000000;
	  f lod = 1.000000;
	  f near_plane = 0.100000;
